0.001913
0.001815
0.001922
0.001816
0.001646
0.002864
0.002285
0.001867
0.002261

0.002206
0.002147
0.002273
0.002132
0.001800
0.002355

0.002249

0.001767
0.002145
0.001999
0.002115

0.002211
0.001985
0.002209
0.002025
0.002067
0.002367
0.002240


0.002315
0.002337
0.002550
0.002413
0.002331
0.002135
0.002060

0.002196
0.002297
0.002143
0.001710
0.002064
0.002160
0.002348
0.002752
0.002396

0.002223

0.001993
0.002335
0.002561


0.002197
0.002595
0.002192
0.002749
0.002157
0.001958
0.002215
0.002147
0.002302
0.002331
0.002318
0.001675
0.002263
0.001852
0.002491
0.002294
0.001585
0.002477

0.002202
0.002118
0.002260
0.002050
0.002380
0.002245
0.002113
0.002102

0.002168
0.002146
0.001988
0.001637
0.002164
0.002383
0.002301
0.002194
0.002541
0.002187
0.002180
0.002766
0.002193
0.002173
0.002193
0.002200
0.002169
0.002199

0.002377
0.002070
0.002220
0.002285
0.002160
0.002404
0.002182
0.002226

0.002360
0.002183
0.002433
0.002783
0.002224
0.002104
0.002249
0.001887
0.001689
0.002361
0.002218
0.001699
0.003162
0.002096
0.001946

0.001711
0.002341
0.002008
0.002251

0.001912
0.002072
0.002313
0.002137
0.002205
0.002126
0.002018
0.001866
0.001719

0.001855
0.002186
0.002173
0.001956
0.002289
0.002248
0.002222
0.001729
0.002166
0.002268
0.002268
0.002344
0.002164
0.002322
0.001779
0.002054
0.002311
0.002304
0.002294
0.002093

0.001829
0.003185

0.002173
0.002114

0.002331
0.002191
0.002176
0.002180
0.002163
0.002300

0.002517
0.002522
0.002256
0.002133
0.002221

0.002242

0.001803
0.001809
0.002205
0.002166
0.002045
0.002123
0.002150

0.002147
0.001748
0.002302
0.002195
0.002268
0.002348
0.002080
0.002170
0.002202

0.002381
0.002214
0.002123
0.002091
0.002151
0.001959
0.001962
0.002324
0.002250
0.002165
0.002166
0.002210

0.002185
0.001879
0.002214
0.002289
0.001795
0.002364
0.001667
0.002412
0.002269
0.002162
0.002156
0.002197

0.001719
0.002149
0.002245
0.001886

0.002288
0.002203
0.002393
0.002259
0.002037
0.001866
0.002334
0.002068
0.002196
0.002234
0.002216
0.002309
0.002119
0.002390
0.002243
0.002261
0.002239
0.002470

0.002181
0.002216
0.002208
0.002682
0.002434
0.002129
0.002162
0.002189
0.002046
0.002340
0.001884
0.001694
0.002186
0.002109
0.002285
0.002211
0.003132
0.002290
0.002276
0.001881
0.002209
0.002167
0.002184

0.002022

0.001857
0.002197

0.001963
0.002282
0.002073
0.002106
0.002273

0.001844

0.002198
0.002386

0.002044
0.002086
0.002302
0.002316
0.002206
0.002208
0.002239
0.002106
0.001901
0.002216
0.002135
0.001928
0.001641
0.002122
0.001856
0.002279
0.002637
0.002340
0.002190
0.001964
0.002489
0.002254
0.001722
0.001730
0.002219
0.002399
0.001815
0.002225
0.002221
0.002338
0.002261
0.001589
0.002288
0.002183
0.002196
0.002199
0.002315
0.002239
0.002229
0.002284
0.002193
0.002340
0.002847
0.002324
0.002360
0.001783
0.002225
0.002206
0.002403
0.003169
0.002334
0.002160
0.001901

0.001856
0.001751
0.001914
0.002185
0.002527
0.002269
0.001789
0.002556
0.002323

0.002208
0.002218
0.002504

0.002207
0.001712
0.002161
0.002266
0.002236
0.003059
0.002207
0.002284
0.002247
0.003274
0.002194
0.002220
0.002085
0.002017
0.002135
0.002248
0.002177
0.002268
0.002151
0.002205
0.002348
0.002191
0.002156
0.002180


0.002326
0.002075
0.002343
0.002090
0.002386
0.002825
0.002168
0.002067
0.002048
0.002323

0.002100
0.001884
0.002082
0.002354
0.001988
0.001594
0.001851
0.002263
0.002257
0.002161
0.002431
0.002611
0.001785
0.002040
0.001677
0.002185
0.002470
0.002085
0.002018
0.002284
0.002204
0.002106
0.002307
0.002249
0.002072
0.002412
0.001943
0.001728

0.002305
0.002154
0.002357
0.002132
0.001787
0.002219
0.001867
0.002179
0.002331
0.001769
0.002040
0.001627
0.002257
0.001938
0.002238
0.001886
0.002226
0.002190
0.002159
0.001958
0.002532
0.002593
0.002214
0.002469
0.002398
0.002295
0.001757
0.002236
0.002103
0.001956
0.002054
0.001594
0.002196
0.001680
0.002073
0.002621
0.002053
0.002176
0.002061
0.002025
0.002109
0.002126
0.001893
0.002167
0.002099
0.001564
0.001580
0.001783
0.001958
0.001749
0.002065
0.002189
0.002286
0.002170
0.002177
0.001977
0.002028
0.002155
0.001857
0.001983
0.001732
0.001917
0.001850
0.001984
0.001984
0.002509
0.001866
0.001965
0.002022
0.001759
0.001903
