0.001797
0.001906

0.002113
0.001830
0.001885
0.001364
0.001589
0.001839
0.002240
0.002360
0.002278
0.002163
0.002327
0.001575
0.001851
0.001955
0.001619
0.001995
0.001380
0.001976
0.002809
0.002114
0.001515
0.001601
0.001869
0.001802
0.001884
0.002011
0.001445
0.001927
0.002111
0.001711
0.001701
0.001495
0.001499
0.002072
0.002064
0.002042

0.001617

0.001925
0.002265
0.001782
0.001942

0.001536
0.002253
0.001541
0.002219
0.001842
0.002243
0.001713
0.001840
0.001894
0.001190
0.001798
0.001890
0.002057
0.001817
0.001556
0.001895
0.001680
0.001948
0.001669
0.001931
0.001857
0.001715
0.001817
0.002313
0.001886
0.001792
0.001889
0.002039
0.001451
0.001534
0.002196
0.001818
0.001648
0.002842
0.001786
0.001880
0.001759
0.001463
0.002289
0.001765
0.001798
0.001855
0.002260
0.001660
0.002083
0.002467
0.002622
0.001813
0.001824
0.001842
0.002242
0.002041
0.001487
0.001792
0.001777
0.003089
0.002092
0.001887
0.001644
0.001825
0.002153
0.001601
0.001921
0.002873
0.002204
0.002593
0.001840

0.001608
0.001637
0.002327
0.001521
0.001872
0.001638
0.001907
0.001842


0.001918

0.001590
0.002561
0.001573
0.002000
0.001931
0.001818
0.001990
0.001822
0.001763
0.001921
0.002175
0.001813
0.001896
0.001702
0.001799
0.002029
0.001571
0.002194
0.001784
0.001712
0.001939
0.001990
0.001670
0.002413
0.001866
0.001717
0.003011
0.001695
0.001577
0.001941
0.002018
0.002176
0.002141
0.001354
0.002145
0.001826
0.001658
0.001959
0.001624
0.001982
0.001271
0.001873
0.001467
0.001803
0.001957
0.001592
0.001848
0.001489
0.002059
0.001742
0.001839
0.002020
0.001912
0.002027
0.002313
0.001797
0.002266
0.001811
0.001940
0.001934
0.001874
0.001848
0.001631
0.001186
0.002117
0.001815
0.002036
0.001806
0.001696
0.001869
0.001726
0.001893
0.001677
0.001803
0.001706
0.001495
0.001502
0.001876
0.001624
0.001953
0.001446
0.001771
0.001648
0.002146
0.001656
0.001717
0.001930
0.002073
0.001818
0.002278
0.002188
0.001786
0.001918
0.002118
0.002904
0.001856
0.001502
0.002010
0.001908
0.001976
0.002677
0.001898
0.001829
0.002235
0.001838
0.002286
0.001931
0.001827
0.001954
0.002094
0.001260
0.001745
0.002093
0.001487
0.002218
0.001639
0.001753
0.002016
0.001440
0.001898
0.001877
0.001204
0.001636
0.002169
0.001968
0.002415
0.002020
0.002784
0.001900
0.001942
0.001997
0.002168
0.001906

0.001865
0.001452
0.002397
0.001658
0.002333
0.001944
0.002851
0.001569
0.002232
0.001670
0.001372
0.002246
0.001977
0.001130
0.001796

0.001810
0.001391
0.001884
0.001849
0.001822
0.001671
0.001974
0.001822
0.001956
0.001660
0.001671
0.002542
0.001971
0.001389
0.002142

0.001937
0.002640
0.002238
0.001937
0.001830
0.001640
0.001715
0.001953
0.002037
0.002010
0.001536
0.001289
0.001488
0.001957
0.002015
0.001922
0.001787
0.002634
0.001838
0.001959
0.002358
0.002054
0.002083
0.002003
0.001522
0.002690
0.002095
0.001538
0.001851
0.002060
0.001883
0.002085
0.002055
0.001768
0.001868
0.001492
0.001727
0.002093
0.001882
0.001488
0.001557
0.001888
0.002109
0.002476
0.001526

0.002144
0.001832
0.002076
0.001750
0.001826
0.001502
0.002081
0.001901
0.001847
0.002137
0.001989
0.001890
0.002148
0.001584
0.001488
0.002059
0.001850
0.001905
0.001999
0.002580
0.002012
0.001568
0.001784
0.001627
0.001817
0.002216
0.001575
0.001807
0.001502
0.001608
0.001909
0.001971
0.002120
0.001525

0.002281

0.001752
0.001923
0.001358
0.001805
0.001665
0.001835
0.001467
0.001814
0.002131
0.001744
0.001998
0.002050
0.002809
0.001872
0.002171
0.001856
0.001949
0.001785
0.001903
0.001723
0.001812
0.002699
0.001766
0.002204
0.001451
0.001965
0.001985
0.002179
0.001625
0.002024
0.001821
0.001987
0.001643
0.001359
0.002142
0.001892
0.001990
0.001800
0.001652
0.001738
0.001876
0.001267
0.001820
0.001384
0.001891
0.001953
0.001848
0.001994
0.002033
0.002424
0.001922

0.001890
0.002310
0.002877
0.001928
0.001720
0.002177
0.002278
0.001851
0.001814
0.002311
0.001915
0.002244
0.001133
0.001765
0.001794
0.001864
0.002195
0.001956
0.002506
0.001830
0.002182
0.001873
0.003072
0.001830

0.001575
0.002243
0.002146
0.001859
0.001752
0.002415
0.001617
0.001782
0.002179

0.002440
0.001725
0.001858
0.001838
0.002280
0.001820
0.002227
0.001599
0.002262
0.001875
0.001753
0.001470
0.002349
0.001591
0.001943
0.001661
0.001903
0.002187
0.001898

0.001737
0.001911
0.001674
0.001741
0.002075
0.002047
0.002039
0.001738
0.001587
0.001910
0.001848
0.001543
0.002230
0.001709
0.001918
0.001898
0.001592
