0.001783
0.002759
0.001898
0.001838
0.002576
0.001773
0.001995
0.002528
0.001896
0.001867
0.001958
0.001464
0.001522

0.001728
0.001762
0.002146
0.001836
0.001878
0.001928
0.001885
0.001602
0.001627
0.001880
0.001518
0.001646
0.001855
0.001777

0.001912
0.001946
0.001961
0.002075
0.001902
0.002264
0.001602
0.001470
0.001873
0.001990
0.001887
0.001864
0.001478
0.001263
0.001846
0.001813
0.001800
0.001513
0.001906
0.002006
0.001483
0.002136

0.001783
0.001493
0.001583
0.001527
0.002000
0.001284
0.001922
0.001455
0.001814
0.001493
0.001744
0.001842
0.000769
0.000693
0.000683
0.000869
0.000604
0.001659
0.001425
0.001595
0.001494
0.001446
0.001677
0.001351
0.001482
0.002135
0.001617
0.001483
0.001782
0.001549
0.001494
0.001609
0.001422
0.001482
0.001961
0.001917
0.001867
0.002317
0.001836
0.002488


0.001888
0.001874
0.002383

0.001760
0.002130
0.001876
0.002341
0.001897
0.002445
0.001860
0.001313
0.001798

0.001622
0.001661

0.001858
0.001555
0.002184
0.002524
0.001960
0.001973
0.001651
0.001856
0.001866
0.001841
0.001962
0.002448
0.002454
0.001720
0.001918
0.001764
0.001578
0.001854
0.001913
0.001819
0.001743
0.001818
0.002238
0.001912
0.001846
0.001663
0.001472
0.001861
0.001616
0.002299
0.001935
0.001437
0.001820
0.002319
0.001877
0.002342
0.001845
0.001434
0.001916
0.001604
0.001503
0.001530
0.001610
0.002318
0.001644
0.001462
0.001793
0.001468
0.001533
0.001534
0.001587
0.001935
0.001785
0.001835
0.001454
0.002218
0.001686
0.001952
0.001998
0.001941

0.001749
0.001911
0.001953
0.002726
0.001554
0.001887
0.002532
0.001862
0.002715
0.001901
0.001472
0.001838
0.001828
0.001841
0.001481
0.001899
0.001828
0.001844
0.001525
0.002271
0.002662
0.001844
0.001812
0.001870
0.001840
0.001847
0.001654
0.002380

0.001750
0.001921
0.002056
0.001523
0.001830
0.001898
0.001949
0.001909
0.001818
0.001858
0.001729
0.001808
0.001813
0.002676
0.001744
0.001851
0.001846
0.001974
0.001893
0.002118
0.002537
0.001855
0.001941
0.001854
0.001935
0.001962
0.001639
0.002261
0.002048
0.001389
0.001786
0.001775

0.002290
0.001475
0.002614

0.001856
0.003117
0.001677

0.002192
0.002082
0.001887
0.001978
0.001557
0.001656
0.001908
0.001666

0.001783
0.001859
0.002044
0.001861
0.001443
0.001788
0.001844
0.001733
0.002107
0.001852
0.001874

0.002124
0.001644
0.002440
0.001882
0.001817
0.002220
0.001936
0.001864
0.001663
0.001936
0.001836
0.001891
0.002119
0.001915
0.001842
0.001988
0.001885
0.002428
0.002605
0.002291

0.001775
0.001772

0.001585
0.002182
0.001893

0.002486
0.001840
0.001826
0.001817

0.001812
0.001870
0.001822
0.001945
0.001846
0.001816
0.001832
0.001889
0.001791
0.001538
0.001555
0.001881
0.002012
0.001744
0.001851
0.001637
0.001282
0.001998
0.001945
0.001855
0.002535
0.001877
0.001749
0.001877
0.002334
0.002026
0.002244
0.001885
0.001650
0.001849
0.001858
0.001540
0.002494
0.001874
0.001774
0.003044
0.001883
0.001377
0.001893
0.002513
0.001856
0.002743
0.001947
0.001818
0.001640

0.001886
0.001877
0.001504
0.001972
0.001816
0.001728
0.001845
0.001810
0.003998
0.002033

0.001775
0.002524
0.001858
0.001608

0.001706
0.001745
0.002151
0.001828
0.001756
0.002746
0.001800
0.001794
0.001624
0.002529
0.001872
0.001896

0.001644

0.001908
0.001762
0.002242
0.001700
0.001919
0.001845

0.001768
0.002018
0.002677
0.001863
0.001874
0.001634
0.001894
0.001544
0.001303
0.001785
0.001746
0.001825

0.001906
0.001673
0.001935
0.002028
0.002070

0.001860
0.001916
0.001509
0.001801
0.002385
0.001413
0.002312
0.001870
0.002075
0.001584
0.002000
0.001716
0.001607
0.002123
0.001840
0.001686
0.001822
0.001805
0.001497
0.001514
0.001917
0.001496
0.001661
0.002334
0.001630
0.001676
0.001918
0.001373
0.001482
0.001743
0.002099
0.001738
0.001403
0.001470
0.001631
0.001585
0.001507
0.001828
0.001612
0.001520
0.001443
0.001504
0.001560
0.002645
0.001523
0.001718
0.001720
0.001495
0.001459
0.002372
0.001846
0.001873
0.001796
0.002226
0.001512
0.001430
0.002711
0.001858
0.001783
0.001624
0.001703
0.002034
0.002425
0.001861
0.001894
0.003023
0.001903
0.001443
0.001624
0.001907
0.002430
0.001819
0.001327
0.001649
0.001879
0.001728
0.001857
0.003190
0.001865
0.001816
0.002015
0.001856
0.001858
0.002031
0.001968
0.001851
0.001618
0.001800
0.001813
0.001533
0.001827
0.001985
0.001707
0.001898
0.001813
0.001780

0.001906
0.001911
0.001661
0.001909
