0.001347
0.001402
0.001362
0.001669
0.001470
0.001688
0.001355
0.001299
0.001291
0.001349
0.001317
0.001315
0.001255
0.001256
0.001366
0.001070
0.001201
0.001355
0.001368
0.001482
0.001324
0.001343
0.001321
0.001434
0.001346
0.002659
0.001162

0.001910
0.001375
0.001230
0.001039
0.001386
0.001363

0.001289
0.001243
0.001225
0.001693

0.002570
0.001359
0.002084
0.001360
0.001240
0.001353
0.000734
0.001285
0.002281
0.001532
0.001267
0.000936
0.001402
0.001296


0.001199
0.001214
0.001352
0.001511
0.001252
0.001384
0.001252
0.001268
0.001325
0.001349


0.001339
0.001261
0.001265
0.001227
0.001354
0.001301
0.002139
0.001340
0.001370
0.002091
0.001330
0.001245
0.001305

0.001223
0.002098
0.001354
0.001451
0.001299
0.001360

0.001327
0.001273
0.001423
0.001543

0.001375
0.001369
0.001367
0.001246
0.001472
0.001478
0.001354

0.001282
0.001404

0.001366
0.001046
0.001393

0.001252
0.001352
0.001853
0.001373
0.001199
0.002173
0.001331
0.001132
0.001426
0.001204
0.001847


0.001334

0.001233
0.001445
0.002135

0.001554
0.001315
0.002271
0.001374
0.002387
0.001363
0.001437
0.001249
0.001365
0.001485
0.002238
0.001259
0.001413
0.001423
0.001222
0.001421
0.001264
0.001219
0.001256
0.001321
0.001357
0.001667
0.001107

0.001093
0.001422
0.001359
0.001351
0.001347
0.001267
0.001124
0.001313
0.001387
0.001266
0.001239
0.001581
0.001332
0.001258
0.001339
0.002662

0.001058
0.001129
0.001337


0.001237

0.001437
0.001322

0.001863
0.001247
0.001237
0.001708
0.001290

0.001291
0.001376
0.001536
0.001537
0.001246
0.001242
0.001370
0.001748


0.001379
0.001237
0.001436
0.001257
0.002212
0.001309
0.001367
0.001291
0.001304
0.001354
0.001323
0.001242
0.001315
0.002175


0.001408
0.001384
0.001360
0.001916

0.001354
0.001347
0.001422
0.001257
0.001368
0.002480
0.002438
0.001234
0.001761
0.001299
0.001295
0.001405
0.001169

0.001223
0.001225
0.001253
0.001209
0.001193
0.001522
0.001143
0.001252
0.001930
0.001388
0.001375
0.001207
0.001349
0.001285
0.001547
0.001174
0.001312
0.001164
0.001755
0.001327
0.001738

0.001377
0.001306
0.001654
0.001314

0.001305
0.001313
0.001312
0.001533
0.001990
0.001218
0.001375
0.001368
0.001282
0.001352
0.002047
0.001334
0.002090
0.001300
0.002616
0.001316
0.001188
0.001334
0.001301
0.001407
0.002190
0.001369
0.001341
0.001406
0.001574
0.002061
0.001230
0.001247
0.001281
0.001366
0.001397
0.001252
0.001335
0.001349
0.001353
0.001329
0.001347
0.002040
0.001292
0.002233
0.001408
0.001596

0.001174
0.001265
0.001315
0.001265
0.001661
0.001362
0.001382
0.002497
0.001246
0.001320

0.001360
0.001650
0.001312
0.001263
0.001334
0.001239
0.001294
0.001365
0.001352
0.002221
0.001365
0.001618
0.001348

0.001366


0.001871
0.001249
0.002241
0.001768
0.001230
0.001309
0.001530
0.001282
0.001286
0.001324
0.001243
0.001264
0.001485
0.001205
0.001331
0.001252
0.001358
0.001933
0.001304
0.001469
0.001379
0.001413
0.001384
0.001219
0.001360

0.001281

0.001226
0.001250
0.002683
0.001228

0.001680
0.002551
0.001294
0.001325
0.001190
0.001336
0.001364
0.001341
0.001396

0.001354
0.001263
0.001238
0.001383
0.001385

0.001260
0.001342


0.001305
0.001631
0.001825
0.001222
0.001249

0.001459
0.001310

0.001357
0.001289

0.001322
0.001370
0.001265
0.001273
0.001323
0.002683
0.001275
0.001215
0.001320
0.002283


0.001359
0.001342

0.001386
0.001238
0.001406
0.002124
0.001362
0.001349
0.001353
0.001213
0.001351
0.001217
0.001264
0.001283
0.001406
0.001158
0.001297
0.001349
0.001580

0.001449
0.001251
0.001462
0.001781
0.001219

0.001328
0.001256
0.001291
0.001388
0.002417
0.002187
0.001303
0.001315
0.001622
0.001370
0.001350
0.001247


0.001448
0.002283
0.001363
0.002143
0.001246
0.001344

0.001231


0.001254
0.001714
0.001416
0.001102


0.002179

0.001422
0.001597
0.001401
0.001317
0.001300
0.001467
0.001151
0.001666
0.001358
0.001297
0.001230
0.001340
0.001307
0.001336
0.001439
0.001388
0.001413
0.001382
0.002407
0.001418
0.001966
0.001706
0.001317
0.001745
0.001440
0.001302
0.001359
0.001367
0.001851
0.001582
0.001263
0.001694
0.001507
0.002212
0.001292
0.001464
