0.002129
0.001365
0.002100
0.001297
0.001434
0.001435
0.002133
0.001705
0.002103
0.001453
0.002015
0.001490
0.001260
0.001740
0.001372
0.001342
0.001725
0.001237
0.001682
0.001785

0.001594

0.001696
0.001538
0.000992
0.001474
0.001542
0.001082
0.001422
0.001360
0.001202
0.001310
0.002990
0.001507
0.001484
0.001453
0.001396
0.001884
0.001567
0.001563

0.001592
0.001599
0.001771
0.001304
0.001708
0.001263
0.002144
0.001637
0.001938
0.002200
0.001839

0.002093
0.002021
0.001501

0.001392
0.001607

0.002446
0.001560
0.001845
0.002184
0.001471
0.002028
0.001680
0.001692

0.001538
0.001740
0.001761
0.002181
0.001575
0.002057
0.001512
0.001583
0.001214
0.002185
0.001420
0.001558
0.001784
0.001857
0.001591
0.001527
0.000978
0.001697
0.002265
0.002159
0.001695
0.001896
0.001234
0.001539
0.001589
0.001856
0.001520
0.001594
0.001405
0.001919
0.001749
0.001693
0.001254
0.001329
0.001610
0.001677
0.002040
0.001409
0.001489
0.001161
0.001648
0.002080
0.001333
0.001686
0.001579
0.002232
0.001564
0.001712
0.001923
0.001938
0.001485
0.002104
0.001810
0.001717
0.001960
0.001550
0.001668
0.001609
0.001752
0.001090
0.001782
0.001720
0.001573
0.002178
0.002320
0.001548
0.001579
0.001867
0.001606
0.001627

0.001642
0.001498
0.001928
0.001976
0.001575
0.001544
0.001660
0.001877
0.001328
0.002636
0.001966
0.001929
0.001562
0.001990
0.002338
0.001747
0.001579
0.001556
0.001958
0.001322
0.001607
0.001603
0.002039
0.001466
0.001898
0.001926
0.001597
0.001617
0.001488
0.001349
0.001597
0.001995
0.002337
0.001577
0.001987
0.001580
0.001375
0.001608
0.001539

0.001588
0.002138
0.001305
0.001981
0.002005

0.001626

0.002125
0.001619
0.001565
0.001664
0.002119
0.001899
0.001396
0.001547
0.001757
0.001613
0.001555
0.002191
0.001516
0.001367
0.001447
0.002342
0.001600
0.001777
0.001629
0.001967
0.001826
0.001675
0.002128
0.001914
0.001891
0.001788
0.001340
0.001672
0.001922
0.001818
0.001995
0.001682
0.001541
0.001611
0.001600
0.002098
0.001732
0.001555
0.002074
0.002063
0.001837
0.001584
0.002115
0.001489
0.001576
0.001802
0.001228
0.001219
0.001788
0.001941
0.001582
0.001947
0.001912
0.001625
0.002118
0.001622
0.001539
0.001758
0.002347
0.001251
0.001598
0.002017
0.001557
0.001685
0.001679
0.001588
0.001645

0.001341
0.001413
0.001521
0.001605
0.001993
0.002039
0.001380
0.001977
0.001618
0.001899
0.001537
0.001591
0.001558
0.002319

0.001592
0.001640
0.001839
0.001424

0.001596
0.001563
0.001587
0.001749
0.002019
0.002064
0.001966
0.001680
0.001793
0.002075
0.001882
0.001604
0.001504
0.001803
0.001626
0.001657
0.001597
0.001684
0.001964
0.001925
0.001629
0.001295
0.000986
0.001935
0.001642
0.002298
0.001621
0.001972

0.001854
0.001972
0.001576
0.001629
0.002090
0.001612
0.002062
0.001624
0.002028
0.001565
0.001480
0.001623

0.003035
0.001369
0.001719
0.001604
0.001619
0.001826
0.001657
0.001848
0.001714
0.002058
0.001969
0.002083
0.001949
0.001986
0.001296
0.001266
0.001961
0.001881
0.001271
0.001642
0.001580
0.002275
0.002400
0.001438
0.001997
0.001459
0.001567
0.001704
0.001574
0.002055
0.001427
0.001186
0.001616
0.001776
0.001947
0.001428
0.001530
0.001432

0.002106
0.001280
0.001485
0.001511

0.001643
0.002211
0.001683
0.001563
0.001650
0.001812
0.001934
0.001359
0.002098
0.001630
0.001931
0.002103
0.001575
0.001456
0.000953
0.002094
0.001297
0.001648
0.001704
0.002038
0.002396
0.002263
0.001818
0.001584
0.001541
0.001589
0.002149
0.001810
0.001742
0.001642
0.001957
0.001632
0.001904
0.001580
0.001817
0.002127
0.001719
0.001562
0.001368
0.001555
0.001416
0.001755

0.001885
0.001975
0.002058
0.001524
0.001661
0.001910
0.001558
0.001618
0.001938
0.001519
0.001481
0.001504
0.002181
0.001706
0.001592
0.001798
0.001616
0.000981
0.001619
0.002052
0.001606
0.001629
0.001628
0.001653
0.001962
0.001671

0.002262
0.001639
0.002268
0.001464
0.001661
0.002049
0.001418
0.001425
0.001446
0.001826
0.001254
0.001879
0.001469
0.001477
0.001721
0.001929

0.002075
0.001901
0.001645
0.001479
0.001502
0.001610
0.001650
0.001539
0.000913
0.001530
0.002267
0.001709
0.001852
0.001694
0.001917
0.001207
0.001728

0.002157
0.001220
0.001721
0.001999

0.001531
0.001396
0.001580
0.001195

0.001410
0.001843
0.001286
0.002051
0.001559
0.001591
0.001786
0.001569

0.001570

0.001633
0.001652
0.001669
0.001728
0.001988
0.001954
0.001469
0.001772
0.002091

0.001597
