
0.001208

0.001289
0.001346
0.001346
0.001399
0.001435
0.002869
0.001355
0.001361
0.001268
0.002198
0.001449
0.001378
0.002538
0.001354
0.001155
0.001438
0.001319
0.001415
0.001351
0.001400
0.001421
0.001724
0.001404
0.001369

0.001972
0.001360
0.001255
0.001996
0.001985
0.001396
0.001975
0.001374

0.001405
0.001314
0.001320
0.001400
0.001264
0.001341
0.001263
0.001475
0.001197
0.001357
0.001387
0.001374
0.001322
0.001585
0.001321
0.001137
0.001412
0.001320

0.001295

0.001379
0.001355
0.001452

0.001361
0.001393
0.001336
0.001409

0.001294
0.001295
0.001517
0.001270
0.001486
0.001187
0.001686
0.001707
0.001532

0.001376
0.001178
0.001316
0.001255
0.001114

0.001226


0.001707
0.001399
0.001383
0.001357
0.001443
0.001224
0.001264
0.001260
0.001485
0.001463
0.001274
0.001162
0.001710
0.001285
0.001272
0.001312
0.001753
0.001276
0.001304
0.001197
0.001417
0.001291
0.001376
0.001315
0.001219
0.001367
0.001315
0.001364
0.001139
0.001258
0.001890
0.001179
0.001652
0.002299
0.001424
0.001276
0.001930

0.001289
0.001776
0.001152
0.001386


0.001320

0.001378
0.001918
0.001916
0.002564
0.001411
0.002149
0.001716

0.001328
0.001162
0.001226
0.001403
0.001188
0.001401
0.001296
0.001486
0.001290
0.001301
0.001248
0.001210
0.001335
0.001385
0.001576
0.001286
0.001389
0.001619
0.002432
0.001262
0.001196
0.002116
0.001251

0.001396

0.001277
0.001411
0.001299
0.001287
0.001790

0.001482
0.001612
0.001821
0.001291

0.001410
0.001823
0.001520
0.001325
0.001313
0.002247
0.001269
0.002079
0.001231

0.002252
0.001481

0.001279
0.001235
0.001261
0.001312
0.001244
0.001278
0.001262
0.001342
0.001786
0.001168
0.001397
0.002024
0.001415
0.001454
0.001445
0.001321
0.001463
0.001190
0.001423
0.001336
0.001291
0.002398
0.001352

0.001335
0.001342
0.001515
0.001349
0.001293
0.001427
0.001410
0.001313
0.001355
0.001606
0.001446

0.002545
0.001271
0.001297
0.001409

0.001298
0.001502
0.001364
0.001170
0.001056
0.001377
0.001364
0.001294
0.001233
0.001289
0.001853
0.001619
0.001294

0.001336
0.001479
0.001374
0.001852

0.001861
0.001166

0.001344
0.002554
0.001149

0.002050
0.001170
0.001411
0.001367
0.001253
0.001316
0.001538
0.001345
0.001288
0.001528

0.001685
0.002064
0.001317
0.001317
0.002110
0.001289
0.001356
0.001663

0.001438

0.001306
0.001373
0.001269
0.001388
0.001341
0.001326

0.001385
0.001243
0.001367

0.001326
0.001292
0.001305
0.001226
0.001368
0.002225
0.001249
0.001868
0.001382
0.001269
0.001267
0.001307
0.001506
0.001314
0.001955
0.001382
0.001600
0.001666

0.001363
0.001370
0.001399
0.001388
0.001333
0.001240
0.001387
0.001349
0.001780
0.001394
0.001586
0.001381


0.001429
0.001351
0.001212
0.002207
0.001367
0.001377
0.001241
0.001192
0.001227
0.001412
0.001734
0.001345
0.001129
0.001387
0.001357
0.001423
0.001420
0.001353
0.001390
0.001402
0.001287
0.001458
0.001248
0.001372
0.001433
0.001349
0.001406
0.001706
0.001258
0.001428
0.001367
0.001429
0.001825
0.001261
0.001222

0.001848
0.001384
0.001861
0.001231
0.002244
0.002197
0.001402
0.001380
0.001586
0.001340
0.001406
0.001310
0.001278

0.002282
0.001292
0.001205
0.001427
0.001308
0.001283

0.001206
0.001269



0.001363
0.002107
0.002287
0.001398
0.001302
0.002476
0.001283
0.001513
0.001516
0.001278

0.001334
0.001691
0.001348
0.001167
0.002028
0.001244
0.001295
0.001444

0.001331
0.001890
0.001233
0.001459
0.001446
0.001622
0.001364
0.001831
0.001380
0.001395
0.001396
0.001410
0.001088
0.001384
0.001705

0.001381

0.001529

0.001395
0.001393
0.001411
0.001353
0.001294

0.001377
0.001338
0.001315
0.001298
0.001447

0.001424
0.001359
0.001459
0.001840
0.003388
0.001292
0.001359
0.001454
0.001298
0.001313
0.001384
0.001464
0.001275
0.001329
0.001164
0.001316
0.001395
0.001421
0.001372
0.001391
0.001303
0.001224
0.001306
0.001432
0.001342
0.001333
0.001249
0.001947
0.001121
0.001275
0.001267
0.001166
0.001361
0.001283
0.001309
0.001362
0.001281
0.001081
0.001322
0.001251
0.001646

0.001166
0.001501

0.001276
0.002226
0.001261
0.001127
0.001337
0.001222
0.001273
0.001308
0.001300
0.001343
0.001208
0.001247
0.001147
0.001350
0.001334
0.001145
0.001338
0.001488
