0.001855
0.002378
0.002506
0.001891
0.001849
0.001826
0.001873
0.002082
0.002219
0.001968
0.001822
0.001821
0.001826
0.001882
0.001822
0.001839
0.001929
0.001855
0.001577
0.001506
0.001856
0.001884
0.001637
0.001919
0.001840
0.001838
0.001876
0.001765
0.001835
0.002013
0.001606
0.001878
0.001818
0.002290
0.001826
0.001830
0.001913
0.001627
0.001977
0.001956
0.001657
0.001846
0.001739
0.001201
0.001803
0.001902
0.001829
0.001872
0.002145
0.001787
0.001889
0.001771
0.001897
0.002000

0.002310
0.001883
0.001996
0.001800
0.001802
0.001955
0.001825
0.001825
0.001961
0.001859
0.002032
0.001770
0.001580
0.001905
0.001857
0.001882
0.001904
0.001881
0.001642
0.001791
0.001682
0.001582
0.001915
0.002557
0.001957
0.001909
0.001812
0.002182

0.001881
0.002027
0.001603
0.001533
0.001824
0.002263
0.001947
0.001391
0.001488
0.002110
0.001863
0.002012
0.001834
0.001911

0.001860
0.001901
0.001912
0.001616
0.001825
0.001829
0.001726
0.001954
0.001808
0.001953
0.001837
0.001755
0.002263
0.001855
0.001673
0.001886
0.001909
0.001762
0.002310
0.002241

0.001924
0.001555
0.002540
0.001856
0.001858
0.001805
0.002464
0.001959
0.001771
0.002152
0.001873
0.001831
0.001664
0.001541
0.001940
0.001902
0.002146
0.001863
0.002127
0.001896
0.001922
0.001760
0.001806
0.002015
0.001889
0.002249
0.001924
0.001874
0.002544
0.001872
0.001931
0.001945
0.001907
0.001932
0.002438
0.002038
0.001446
0.001808
0.001517
0.001838
0.001935
0.001850
0.001869
0.001913
0.002759
0.001883

0.001606
0.001856
0.001836
0.001788
0.001671
0.001805
0.001661
0.001844
0.001735

0.001831
0.001841
0.001569
0.001818
0.001959
0.001617
0.001877
0.001841
0.001841
0.002107
0.001881
0.001743
0.001714
0.001956
0.002479
0.001912
0.001825
0.001668
0.001850
0.001892
0.001260
0.001503
0.001883
0.001915
0.001863
0.001851
0.001951
0.001878
0.001683
0.001888
0.001845

0.002281
0.001884
0.001853
0.002298
0.001896
0.002370
0.001988
0.001547
0.002489

0.001864
0.001882
0.001936
0.002182
0.001917
0.001896
0.001895
0.001649
0.002192
0.001882
0.001845
0.001599
0.001926
0.001812
0.001725
0.002106
0.001937
0.001859
0.001519
0.001887
0.001912
0.001973
0.001814
0.001873
0.002291
0.001821
0.001841
0.002221
0.001874
0.001862
0.001597
0.002048
0.001883
0.002481
0.001889
0.001605
0.001603
0.002000
0.001931
0.001991
0.001898
0.001870
0.001945
0.001836
0.001953
0.001772
0.001932
0.001944
0.001904
0.001683
0.001654
0.002305
0.001849
0.002608
0.001899
0.001835
0.001970
0.002025

0.001832

0.001934
0.002608
0.001890
0.002049
0.002320
0.001883
0.001994
0.001624
0.002455
0.001840
0.001893
0.001951
0.001923
0.001703
0.001910
0.001919
0.001878
0.001891
0.001836
0.001781
0.001818
0.001857
0.001965

0.001909
0.001791
0.002212
0.002316
0.001505
0.001424
0.002057
0.001853
0.001514
0.001869
0.001998
0.001771
0.001473
0.001959
0.001836
0.002573
0.001859
0.002107
0.001934
0.001926
0.001912


0.001859
0.001597
0.001771
0.001863
0.001955
0.001919
0.001863
0.002244
0.001849

0.001923
0.001898
0.001985
0.002023
0.001847
0.001751
0.001885
0.001338
0.001768
0.001653

0.001905
0.002059
0.001438
0.001628
0.001568
0.001972
0.001629
0.001452
0.001545
0.002138
0.001432
0.001852
0.001824
0.001397
0.001955
0.001655
0.001470
0.002234
0.001542
0.002048
0.002522
0.001767
0.001694
0.001598
0.001666
0.001586
0.001471
0.001871
0.001680
0.001714
0.001604
0.002564
0.002149
0.001705
0.001611
0.001717
0.001847
0.001562
0.001542
0.001558
0.001592
0.001572
0.001492
0.002020
0.001543
0.001689
0.001565
0.001658
0.001533
0.001987
0.002082
0.001610
0.001653
0.001500
0.001920
0.001921
0.001745
0.001640
0.001695
0.002025
0.001536
0.001980
0.001793
0.001500
0.001779
0.001724
0.001661
0.001724
0.001549
0.001679
0.001954
0.001676
0.001437
0.001641
0.001463
0.001696
0.001617
0.001351
0.001618
0.001593
0.001563
0.001521
0.001775
0.001899
0.001660
0.001698
0.001495
0.001749
0.001464
0.001522
0.001635
0.001504
0.001372
0.001701
0.001649
0.001437
0.001709
0.001728
0.002623
0.001548
0.001551
0.001684
0.001701
0.001574
0.001688
0.001695
0.001581
0.001902
0.001674
0.001383
0.001522
0.001367
0.001828
0.001933
0.001803
0.002506
0.001894
0.001864
0.001652
0.001851
0.001892
0.001490
0.001928
0.001954
0.001975
0.002079
0.001928
0.001843
0.002297
0.001976
0.001942
0.001690
0.002438

0.001957
0.001834
0.001936
0.001572
0.002006
0.002018
0.001898
0.001952
0.001482
0.001762
0.001705
0.001960
0.001616
0.001647
0.001999
0.002004
0.001839
0.001991
