0.001787
0.001983
0.001562
0.002128
0.001815
0.002010
0.001609
0.001610

0.001359
0.001508
0.001631
0.001614
0.001574
0.001952
0.001885
0.001720
0.001721
0.001571
0.001594
0.001633
0.001610
0.000990
0.001489
0.001636
0.001750
0.001396
0.001862

0.001708
0.001181
0.001515
0.001444
0.002434
0.001510
0.001421
0.001469
0.001837
0.001432
0.001510
0.001743
0.001597
0.001862
0.001459
0.002316
0.001821
0.002435
0.003203
0.001612
0.001747
0.001450
0.001543
0.001583
0.001566
0.002129
0.001257
0.001292
0.001302
0.001556
0.002126
0.001009
0.001436
0.002004
0.001622
0.001565
0.001488
0.001527
0.001490
0.001417

0.001558
0.001560
0.001685
0.001429
0.001453
0.002289
0.001604
0.001596
0.002388
0.001354
0.001423
0.001587
0.001549
0.001539
0.001638
0.001808
0.001592
0.001883
0.001375
0.001607
0.000984
0.001452
0.001968
0.001839
0.001600
0.002199
0.001593
0.001020

0.001442
0.001255
0.001984
0.002043
0.001619
0.001672
0.001553
0.001581
0.001396
0.001443
0.001359
0.001875
0.001665
0.001597
0.001297
0.001566
0.001485
0.001682
0.001759
0.001540
0.002127
0.001682
0.001861
0.001920
0.001474
0.001619
0.001546
0.001646
0.001956
0.001649
0.001514
0.001604
0.001442
0.001597
0.001608
0.001577
0.001740
0.001729
0.002119
0.001590
0.001813
0.001607
0.001842
0.001673
0.001507
0.001861
0.001197
0.002493
0.001448

0.002032
0.001636
0.002354
0.001995
0.001594
0.001717
0.001637
0.001551
0.001764
0.001398
0.001771
0.001899
0.001650
0.001575
0.001633
0.001307
0.001421
0.001610
0.001813
0.001389
0.001688
0.001487
0.001382
0.001605
0.001398
0.001993
0.001491
0.001914
0.001884
0.001748
0.001845
0.001851
0.001866
0.001847
0.001441
0.001589
0.001879
0.003280
0.001476
0.001766
0.001579
0.001687
0.001465
0.001940

0.001674
0.002668
0.002346
0.001483
0.001323
0.001571
0.001616
0.002514
0.001716
0.001762
0.001533
0.001555
0.001554
0.001837
0.001598
0.001462
0.001625
0.002058
0.001976
0.001536
0.001564
0.001699
0.001459

0.001937
0.002203
0.002455
0.002430
0.001717
0.001615
0.001945
0.001467
0.001658
0.002043
0.001586
0.001723
0.002026
0.001470
0.001676
0.001609
0.001436
0.001716
0.001918
0.001786
0.001911
0.001731
0.001723
0.001824
0.002085
0.001810
0.001655

0.001796
0.001934
0.001586
0.001553
0.001660
0.001641
0.001516


0.001460
0.001620
0.001617
0.001538
0.001196
0.001272
0.001828
0.002033
0.001609
0.001545
0.001629
0.001781
0.001478
0.001717
0.002249
0.001490
0.001635
0.001495
0.001571
0.001774
0.002202
0.001478
0.001714
0.001789
0.001795
0.001829
0.001801
0.001675
0.001382
0.001484
0.002332

0.001678
0.002286
0.001804
0.001292
0.001723
0.001574
0.001532
0.001502

0.002202
0.001534
0.001591
0.002195
0.001108
0.001343
0.001001
0.002020
0.001775
0.001322
0.001508
0.001797
0.001896
0.001243
0.002166
0.001604
0.002020
0.001556
0.001055
0.001303
0.001458
0.001342

0.001752
0.001592
0.001456
0.001385
0.001742
0.002005
0.001670
0.001936
0.001504
0.001566
0.001507
0.001766
0.001514
0.001901
0.001818
0.001775
0.001775
0.002015
0.001231
0.001731
0.001804
0.001767
0.001828
0.001721
0.001371
0.001627
0.001921
0.001028
0.001673
0.001212
0.001563
0.001359
0.001506
0.001501
0.001523
0.001144
0.001788
0.001679
0.001764
0.002103
0.001718
0.001773
0.002156
0.001698
0.001804
0.001802
0.001131
0.001358
0.001518
0.001463
0.001729
0.001734
0.001546

0.001606
0.001541
0.001586
0.001761
0.001487
0.001517
0.001853
0.001872
0.001628
0.001751
0.001995
0.001552
0.002334
0.002221
0.002143
0.001807
0.001756
0.002230
0.001135
0.001805
0.001919
0.001535
0.001707
0.002050
0.001768
0.001525
0.001817
0.002375
0.001295
0.001521
0.001478
0.001639
0.001584
0.001678
0.001626
0.001588
0.001600
0.001615
0.001944
0.001624
0.001648
0.001717
0.001929
0.001613
0.001817
0.001047
0.002019
0.001755
0.001738
0.001604
0.001550
0.001462
0.001831
0.001869
0.001735
0.001941
0.001642
0.001607
0.002305
0.001621
0.001612
0.001535
0.001637
0.001446
0.001785
0.001727
0.002002
0.001337
0.002135
0.001909
0.001480
0.001782
0.001492
0.001651
0.002461
0.001598
0.001137
0.001311
0.001699
0.001398
0.001810
0.001591
0.001480
0.001285
0.001783
0.001800
0.001575
0.001720
0.001667
0.001420
0.001880

0.001587
0.001586
0.001742

0.001730
0.001681
0.001765
0.001592
0.002068
0.001604
0.001478
0.001798
0.001557
0.001329
0.001571
0.001651
0.001587
0.001622
0.002110
0.001201
0.001853
0.001224
0.001103
0.001930
0.001683
0.001756
0.001582
0.001314
0.001469
0.001583
0.001601
0.001837
0.001225

0.002105
