0.001809

0.001773
0.001835
0.002056
0.002405
0.002006
0.001454
0.001403
0.002316
0.001868
0.001778
0.002227

0.002597
0.001809
0.002478
0.001496
0.001890
0.001879
0.001906
0.002572
0.002582
0.001822
0.002414
0.001599
0.001796
0.002375
0.001862
0.002218
0.002319
0.002028

0.001830
0.002251

0.001452
0.001386
0.001804
0.001729
0.001966
0.002316
0.001860
0.001409
0.001784
0.002336
0.001645
0.001684
0.001793
0.001702
0.001795
0.002158
0.001766
0.002252
0.001759
0.001743
0.001895
0.002008
0.002265
0.001650
0.001893
0.001799
0.001680
0.001907
0.001714
0.002156
0.001872

0.001795
0.002207
0.001893
0.001737
0.002401
0.001783
0.001775
0.001479
0.002294
0.001596
0.001887
0.001494
0.001902
0.001430
0.002139
0.001924
0.002119
0.002373
0.002042
0.001469
0.001971
0.001760


0.001920
0.002017
0.001596
0.001696
0.001900
0.001829
0.002168
0.001755
0.002143
0.001591
0.001719
0.001426
0.001984
0.001897
0.002237
0.001742
0.002310
0.002200
0.001762
0.001866

0.001867
0.002123
0.002281
0.001968
0.002330
0.001819
0.001430
0.001845
0.001639
0.001992
0.001373
0.001890
0.001737
0.002226
0.002242
0.001440
0.002451
0.001790
0.001877
0.002246
0.001851

0.001508
0.001586
0.001370

0.001648
0.001875
0.001872
0.002880
0.001902
0.001973
0.001902
0.001419
0.001652
0.002257
0.001968
0.001835
0.002492
0.001395
0.001788
0.001550
0.002401
0.001813
0.001518
0.001697
0.001850
0.002797
0.001872
0.001782
0.001606
0.001956
0.001763
0.002276
0.001919
0.001783
0.001750
0.001837

0.001514
0.001597
0.002145
0.001900
0.001603
0.001395
0.002266
0.001720
0.002356
0.002118
0.002046
0.001855
0.001644
0.001728
0.001901
0.001926
0.001764
0.001389
0.002225
0.002236
0.001877
0.001931
0.001905
0.001493
0.001543
0.001582
0.002717
0.001924
0.001925
0.001706
0.002005
0.002145
0.002700
0.002359
0.002289
0.002347
0.001958
0.002663
0.001383
0.002367
0.001908
0.001724
0.001740
0.001877
0.002367
0.001842
0.001485
0.002440
0.001897
0.002075
0.002158
0.001743
0.001343
0.001908
0.001763
0.003134
0.001904
0.002281
0.002309
0.001763
0.002268
0.001855
0.002268
0.001908
0.001825
0.001701
0.001607
0.002366
0.001838
0.001868
0.001724
0.001926
0.001814
0.001737
0.001834
0.002092
0.002171
0.002003
0.001588
0.001918
0.001884
0.002258
0.001880
0.001732
0.001738
0.001843
0.001664
0.002426
0.001644
0.001910
0.001970
0.001817
0.002502
0.001898
0.002461
0.002785
0.001683
0.002869
0.002150
0.001584
0.001864
0.002975
0.002262
0.001740
0.001678
0.001732
0.001864
0.002172
0.002352
0.001759
0.001663
0.001699
0.002097
0.001703
0.001899
0.001871
0.001319
0.001947
0.001700
0.002047
0.001702
0.001602
0.001824
0.001779
0.001883
0.002165
0.001350
0.002438
0.002323
0.001833
0.002792
0.001916
0.001684
0.001789
0.001756
0.001777
0.001798
0.001878
0.001765
0.001240
0.002224
0.001113
0.001534
0.001605
0.002237
0.002364
0.002297
0.001477
0.001727
0.002235
0.002264

0.002138
0.001923
0.001648
0.002565
0.002339
0.001776
0.001951
0.001656
0.002410
0.002313
0.002259
0.001705
0.001873
0.002337
0.001760
0.001562
0.001843
0.001914
0.002055
0.001966
0.001530
0.001557
0.002488

0.002382
0.002217
0.002294

0.002330
0.001643

0.001920
0.002283
0.001678
0.001782
0.002291
0.002077
0.001788
0.002240
0.001761

0.002380
0.001824
0.001785
0.001566
0.002705
0.001371
0.001973
0.001466
0.002232
0.002393
0.001793
0.001487
0.002478
0.001760
0.001863
0.001599
0.001628
0.001727
0.001881
0.002189
0.002377
0.001954
0.001311
0.001867
0.001786
0.001920
0.001748
0.002309
0.002223
0.001147
0.001893
0.001680
0.002257
0.002337
0.001832
0.001334
0.001622
0.001957
0.001554
0.001815
0.002174
0.001575
0.002827
0.002343
0.001826
0.001128
0.001686
0.001705
0.001798
0.001838
0.001776

0.001604
0.001835
0.001685
0.001695

0.002751
0.002355
0.001898
0.002216
0.002479
0.001395
0.001709
0.002377
0.001830
0.001393
0.003101
0.001713
0.001679
0.001948
0.002336
0.002487
0.001638
0.002395
0.001856
0.002315
0.002094
0.001948
0.001810
0.001110
0.001628
0.001913
0.002275
0.001946
0.002249
0.001469
0.001388
0.001875
0.001608
0.001915
0.001740
0.001601
0.002109
0.001648
0.002317
0.001821
0.001105
0.002178
0.002234
0.002075
0.001679
0.001922
0.001988
0.001791
0.002438
0.002194
0.001715
0.001916
0.001726
0.001960
0.001932
0.001740
0.001875
0.002240
0.001944
0.002269
0.002173
0.001831
0.002198
0.002172
0.001886
0.001573
0.001831
0.002167
0.001786
0.001867
0.001965
0.003111
0.002122
0.001695

0.001671
0.002152
0.002010
