0.001967
0.002804
0.002288
0.001692
0.002824
0.002253
0.001774
0.002499
0.002144
0.002061
0.002087
0.002085
0.002220
0.001750
0.002083
0.002064
0.002106
0.001906
0.001923
0.002243
0.002494
0.002306
0.002118
0.002198
0.002041
0.002328
0.002170
0.002173
0.003034
0.002452
0.002348
0.002206
0.002142
0.002125

0.002124
0.002207
0.002286
0.002193

0.002151
0.002427
0.002207
0.001920
0.002341
0.002510
0.003080
0.002456
0.002186
0.002132
0.002265
0.002154
0.002155
0.002231
0.002305
0.002326
0.002197
0.002206
0.002246
0.002209
0.001928
0.002156
0.002155
0.002140
0.002146
0.002073


0.002071
0.002109
0.002109
0.001574
0.001557
0.002209
0.002163
0.001672
0.002378
0.002863
0.002123
0.002257
0.002162
0.002662
0.003055
0.002022
0.002385
0.002206
0.002187
0.002000
0.002157
0.002153
0.001627
0.002029
0.002093
0.002071
0.001742
0.002362
0.002472
0.002498
0.002165
0.002133
0.002114

0.001908
0.002203
0.002047
0.001791
0.001894
0.001767

0.001636
0.001706
0.001719
0.001887
0.001836
0.001848
0.001852
0.001868
0.001985
0.001854
0.001978
0.001892
0.001872
0.001858
0.002098
0.001875
0.002036
0.001846
0.002070
0.002066
0.001812
0.001959
0.002054
0.001708
0.001698
0.001596
0.002123
0.001850
0.001619
0.002525
0.001812

0.002144
0.001584
0.002379
0.001728
0.002025
0.001806
0.002003
0.002619
0.001738
0.002391
0.001894
0.002119
0.002868
0.002089
0.002179
0.002068

0.002066
0.002132
0.002190
0.002037
0.002095
0.002022
0.002140

0.002479

0.002108
0.002113
0.002383
0.002925
0.002051
0.002180
0.002151
0.002138
0.002301
0.002108
0.002127
0.001980
0.002295
0.002157
0.002407
0.002035
0.002248
0.002106
0.001739
0.002033
0.002149
0.002268

0.002138
0.001988
0.001986
0.002143
0.002055
0.002234
0.002071
0.002134
0.001790
0.002727
0.002242
0.001734
0.002617
0.002287
0.002045
0.002128
0.002215
0.002318

0.001755
0.002514
0.002256
0.001970
0.002232
0.002094
0.002142
0.002143
0.002241
0.002055
0.001757
0.002163
0.002282
0.002071
0.001859
0.002011
0.001995
0.002186
0.002055
0.002070
0.002264
0.002441
0.002185
0.001953
0.002594
0.002826

0.002585

0.002266
0.002314
0.002662
0.002167
0.002202
0.002052
0.001777
0.002206
0.001927
0.001869
0.002143
0.002103
0.002278
0.002220
0.002290
0.002965
0.002189
0.002194
0.001675
0.001651
0.002339
0.002335
0.002112
0.002143
0.001901
0.002132
0.002024
0.001584
0.001930
0.002443
0.002110
0.002042
0.001810
0.001967
0.002093
0.001988
0.001873
0.002650
0.002226
0.001881
0.002165
0.002192
0.001858
0.002063
0.002189
0.002161
0.002089
0.002428
0.001954
0.002147
0.002132
0.002227
0.002323
0.002390
0.002167
0.002282
0.002109
0.002345
0.002164
0.002019
0.002273
0.001928
0.001772
0.002282
0.002096
0.002034
0.002217
0.001763
0.002064
0.002267
0.002177
0.001669
0.002161
0.002234
0.002080
0.002225
0.001978
0.002148
0.002439
0.001763
0.002208
0.002274
0.002221
0.002276
0.002186
0.002174
0.002290
0.002035
0.002326
0.001544
0.001893
0.002213
0.002008
0.002094
0.002190
0.002145
0.001908
0.002419
0.001812
0.001872
0.001857
0.002144
0.002326
0.002158
0.002130
0.002170
0.002109
0.002731

0.002257
0.002227
0.002307
0.002511
0.002299
0.001798
0.002098
0.002057
0.002037
0.001968
0.002176

0.002120
0.002673
0.002117
0.002506
0.002115
0.002084
0.002560
0.001924
0.002042
0.001959
0.002436
0.002137
0.001833
0.000840
0.001797
0.001283
0.001268
0.002399
0.001748
0.002769
0.001676
0.002318
0.002058
0.002065
0.001986
0.002157
0.002084
0.002630
0.002220
0.002120
0.002115
0.002179
0.002127
0.002173
0.002517
0.002145
0.002167


0.002077
0.002168
0.002126

0.001996

0.002195
0.001908
0.002055
0.002013
0.001790
0.002157
0.002198
0.001902
0.002204
0.002187
0.002078
0.001619
0.002116
0.002119
0.002392
0.002114
0.002058
0.002184
0.002937
0.002141
0.002114
0.001847
0.002920
0.001741
0.002589
0.002249
0.002418
0.002257

0.002132
0.002195
0.002109
0.001872
0.002239
0.002066
0.001951
0.002718
0.002034
0.002397


0.002242
0.001959
0.001886
0.002190
0.002526
0.001758

0.001709
0.002137
0.002103
0.002255
0.002703
0.002848
0.001996
0.001984
0.002192
0.001812
0.002087
0.001590
0.002144
0.001905
0.002230
0.001878
0.001884
0.001965
0.002071
0.002165
0.002346
0.001763
0.001891
0.001764

0.001968
0.001644
0.001819
0.001888
0.002130
0.002033
0.001905
0.001697
0.001922
0.002192
0.002259
0.002131
0.002146
0.001451
0.002235
0.001897
0.002511
0.002351
0.001892
0.002404

0.001973
