0.002136
0.004438
0.003211
0.002261
0.001917
0.003688
0.003851
0.002153
0.003613
0.005155
0.002754
0.002257
0.004146
0.002067
0.003730
0.001893
0.002860
0.004031

0.002572
0.002161
0.003938
0.003356
0.002763
0.002381
0.003255
0.005129
0.002942
0.002463
0.002681
0.002187
0.003157
0.003499
0.003283
0.003367
0.004143
0.001992
0.003655
0.004292
0.003439
0.004670
0.004335
0.003404

0.003557
0.003519
0.003574
0.003001
0.003097
0.002876
0.003479
0.004572
0.004141
0.003466
0.003017
0.003624
0.003845
0.003967
0.002581
0.002178
0.004731
0.003175
0.002739


0.003813
0.002236
0.003180
0.003678
0.002929
0.002193
0.003802
0.004569
0.002614
0.003585
0.005177
0.004901
0.004258
0.002692
0.003602
0.003251
0.003220
0.002901
0.004148
0.001975
0.002962
0.003242
0.003372
0.001958
0.003744
0.003518
0.002851
0.003061
0.003692
0.004416
0.004847
0.001804
0.001938
0.003707
0.002616
0.003954
0.002445
0.001929
0.002940
0.002719
0.003038
0.004181
0.002147
0.004430
0.003598
0.003323
0.004310
0.003617
0.002612
0.003178
0.003132
0.003762
0.003107
0.003221
0.002077
0.001743
0.003130
0.002147
0.002295
0.003648
0.003408
0.003257
0.002741
0.003020
0.002453
0.003340
0.003029
0.002751
0.003137

0.004562
0.002562
0.002450
0.002807

0.003756
0.001965
0.003095
0.004056
0.001974
0.002782
0.002147
0.003758
0.004331
0.003274
0.003444
0.003416
0.003079
0.002934
0.002772
0.002594
0.003704
0.003963
0.002860
0.003297
0.003783
0.001747
0.002153
0.004410
0.003117
0.004124
0.001648
0.005035
0.001932
0.004075
0.003799
0.002882
0.003251
0.004297
0.003132
0.004211
0.004308
0.003431
0.003430
0.002998
0.005140
0.002138
0.003747
0.003085
0.002562
0.003397
0.003600
0.002814
0.003862
0.003859
0.003998
0.003157
0.003069
0.003439
0.003197
0.002922
0.001951
0.003788
0.003860

0.002260
0.002447
0.002628
0.002707
0.003551
0.004351
0.003027
0.002939
0.003090
0.002729
0.003728
0.003582
0.003363
0.003068
0.002771
0.003566
0.002853
0.002864
0.002870
0.002921
0.003703
0.002960
0.004206
0.002995
0.002146
0.003882
0.002730
0.002968
0.003228
0.002773
0.003840
0.003209
0.002529
0.002977
0.003071
0.002495
0.003195
0.004077
0.003101
0.003254
0.002060
0.003056
0.001944
0.002848
0.004315
0.002869
0.001655
0.002613
0.002751
0.002992
0.002966
0.002012
0.003163
0.003437

0.002499
0.004159
0.004050
0.002429
0.004811
0.002888
0.002669
0.003659

0.002696
0.002158
0.002834
0.003142
0.002903
0.002286
0.002481
0.003210
0.002080
0.003843
0.004046
0.002630
0.003550
0.002229
0.002200
0.003526
0.003387
0.002694
0.002264

0.002163
0.003306
0.001964
0.001925
0.003082
0.002303

0.002429
0.003338
0.002071

0.002594
0.002700
0.002866
0.002704
0.002319
0.002364
0.003296
0.003069
0.002328
0.004588
0.002612
0.001947
0.002988
0.002725
0.002712
0.002664
0.003156
0.003102
0.002642
0.002154
0.003267
0.003264
0.003811
0.002677
0.003312
0.003035
0.002327
0.002708
0.002620
0.001635
0.003159
0.003870
0.004482
0.001974
0.003760
0.003212
0.004431
0.003188
0.003455
0.004295
0.003994
0.002875
0.002118
0.003079
0.003029
0.003131
0.002318
0.002219
0.003107

0.005019
0.002008
0.003534
0.003248
0.003340
0.003296
0.003034
0.002136
0.001933
0.003328
0.001942
0.003203
0.003477
0.004071
0.004406
0.003316
0.001918
0.002922
0.003368
0.003341
0.002495
0.003014
0.003003
0.003380
0.003347
0.002054
0.002582
0.004322
0.001977
0.002184
0.003421
0.003740
0.002116
0.003732
0.003009
0.002428
0.001987
0.001769

0.002977
0.003207
0.003317
0.002432
0.003271
0.002582
0.002669
0.004003
0.004073

0.004021
0.002060
0.003657
0.002761
0.002658
0.002350
0.004831
0.003852
0.001677
0.002640
0.002499
0.002222
0.003307
0.003440
0.001982

0.003054
0.002054
0.003562
0.001857
0.003761
0.003321
0.003100
0.004188
0.002577
0.002692
0.004128
0.002190
0.003296
0.002163
0.002659
0.003208
0.003069
0.003800
0.004251
0.004338
0.002745
0.003028
0.003489
0.003732

0.003608
0.003639
0.004131
0.003203

0.002124
0.002309
0.002707
0.001833
0.004314
0.003152
0.002266
0.004386
0.003444
0.002148
0.001867
0.003187
0.003138
0.003157
0.001868
0.003476
0.003640
0.003694
0.001967
0.003509
0.002196
0.002620
0.002649
0.003585
0.003042
0.002883
0.002591
0.002895
0.002441
0.003828
0.003119
0.002933
0.004174
0.003442
0.003283
0.003305
0.002524
0.003483
0.002676
0.003416
0.003489
0.002459
0.003847
0.002830
0.003202
0.003531
0.002631
0.004015
0.002052
0.002293
0.003270
0.003964
0.004033
0.002519

0.002029


0.002090
0.003196
