0.004560
0.003317
0.002844
0.002987
0.003031
0.003286
0.003887
0.003597
0.003919
0.003919
0.004149
0.003753
0.002948
0.003406
0.003289
0.004535
0.003726
0.003684
0.003518
0.003974

0.002905
0.003305
0.003401
0.002860
0.003454
0.003511
0.003180
0.003876
0.004158
0.003269
0.003526
0.003648
0.003979
0.003916
0.004060
0.003238
0.003100
0.003874
0.004014
0.003358
0.003338
0.004058
0.003400
0.003209
0.003377
0.004822
0.003448
0.003445
0.003279
0.003284
0.003098
0.003621
0.003542
0.002995
0.004000
0.003876
0.003985
0.003966
0.003860
0.003751
0.003816
0.003101
0.003722
0.003626
0.004417
0.005760
0.005156
0.003468
0.004901
0.005423
0.003268
0.004855
0.005052
0.004142
0.003864
0.004964
0.002887
0.004962
0.004971
0.005144
0.003863
0.004944
0.003517
0.004763
0.003293
0.005489

0.003027
0.005095
0.004532
0.005173
0.004190
0.004847
0.004238
0.004192
0.005606
0.003054
0.004336
0.004974
0.003155
0.004674
0.003324
0.005516
0.005055
0.003644
0.004533
0.004303
0.004914
0.004577
0.005062
0.004805
0.004566
0.004944
0.005020
0.004830

0.004398
0.004830
0.005279
0.004989
0.003996
0.004172
0.005075
0.005011
0.003100
0.004113
0.003797
0.004129

0.004088
0.004394
0.004684
0.004185
0.004862
0.002837

0.004804
0.004965
0.004648
0.004966
0.005114
0.004122

0.004973
0.003487
0.005205
0.005137
0.004945
0.004035
0.003259
0.003289
0.003578

0.004631
0.004690
0.005120
0.004933
0.004485
0.004680
0.004779
0.003789
0.005362
0.005030
0.005003
0.003581
0.003800
0.004263
0.004994
0.005044
0.004604
0.004460
0.004206
0.005015
0.004104
0.004301
0.005690
0.004843
0.004661
0.005002
0.004313
0.004744
0.004859
0.005118
0.004255
0.005439
0.004031
0.004787
0.003926
0.005546
0.004827
0.003101
0.004475
0.004904
0.004846
0.002935
0.004863
0.004999
0.005016
0.004376
0.004308
0.004073
0.005057
0.004978
0.005061
0.003572
0.003569
0.006247
0.005666
0.004303
0.003409
0.004978
0.005737
0.004934
0.003457
0.005078
0.003478
0.004836
0.004402
0.004965
0.004651
0.004901
0.003285
0.004931
0.004573
0.004738
0.005021
0.004683
0.004284
0.003313
0.004053
0.003416
0.005186
0.003501
0.004274
0.004771
0.004941
0.004763
0.003469
0.004475

0.003939
0.003545

0.005575
0.005551
0.003365
0.003877
0.004338
0.004052
0.001397
0.001903
0.001800
0.002742
0.004678
0.005211
0.004472
0.003112
0.003916

0.004209
0.004919
0.004425
0.003948
0.004729
0.004542
0.004853
0.004746
0.004805
0.004276
0.004938
0.003589

0.004935
0.003263
0.004155
0.004122
0.003858
0.004992
0.005638
0.006400
0.004749

0.005474
0.003388
0.005010
0.004985
0.004225
0.003426
0.004934
0.004191
0.003379
0.004955
0.005052
0.003479
0.005248
0.004929
0.004778
0.004898
0.004773
0.004606
0.004949
0.004159
0.005232
0.004190
0.005040
0.004768
0.005396
0.004743
0.004224
0.004918
0.005010
0.004746
0.004989
0.005101
0.005118
0.004689
0.004681

0.003318
0.004352
0.003198
0.004381
0.003559
0.004551
0.003444
0.005629
0.005116
0.004667
0.004910
0.005069
0.004664
0.004652
0.002774
0.004642
0.004677
0.004053
0.003491
0.003392
0.004403
0.003812

0.004928
0.003869
0.004931
0.004047
0.003490

0.003790
0.003927
0.004459

0.004712
0.003333
0.004143
0.005506
0.004973
0.005066
0.004498
0.005024
0.004991
0.004985
0.005307
0.003947
0.003344
0.004941
0.004927
0.003616
0.005040
0.004244
0.004408
0.004954
0.005019
0.003892
0.003226
0.003225
0.003733
0.004936
0.003658
0.004180
0.003161
0.003086
0.004875
0.003705
0.003644
0.003465
0.004984
0.004901
0.005065
0.004926
0.003452
0.004930
0.003908
0.002976
0.003835
0.004811
0.004439
0.004897


0.004990
0.003922
0.004470
0.003358
0.004877

0.004993
0.003599
0.003831
0.005055
0.003199
0.005079
0.004948
0.004860
0.003999
0.005032
0.003790
0.003880
0.003848
0.004638
0.004725

0.004898

0.004974
0.004270
0.003236
0.003448
0.003944
0.005458
0.004978
0.004612
0.004647
0.004976
0.003878
0.004371
0.003742
0.004798
0.004687
0.004883
0.004766
0.005002
0.004871
0.005060
0.003916
0.004528
0.004204
0.005770
0.004883
0.004602
0.002968
0.005009
0.004498
0.005080
0.004995
0.004751
0.005315
0.004550
0.004475
0.003892
0.004969
0.005186
0.003847
0.003984
0.003846
0.004950
0.005024
0.004912
0.004989
0.005567
0.003331
0.004792
0.004659
0.005054
0.003803
0.004908
0.003258

0.004603
0.005545
0.004486
0.005018
0.004669
0.003376
0.004909
0.005022
0.002976
0.004429
0.004984
0.004766

0.004453
0.004813
0.004998
0.004585
0.004265

0.005120
0.004780
0.004978
