0.004100
0.004985

0.004371
0.005096
0.005031
0.004621
0.004817
0.005286
0.004263
0.003957
0.004711
0.005415
0.004966
0.005132
0.004469
0.003658
0.005419
0.004196
0.004676
0.006252
0.005619
0.003801
0.003858
0.004398
0.005166
0.004491
0.005230
0.004559
0.004416
0.005519
0.005651

0.005078
0.005219
0.005474
0.004222
0.005091
0.005466
0.004112
0.004820
0.004393
0.005328
0.005182
0.004398
0.005151
0.005148
0.004218
0.005140
0.005222
0.004449
0.005173
0.004345
0.004871
0.004455
0.004673
0.005260
0.005104
0.004587
0.005229
0.004832
0.005076
0.004732
0.004929
0.004543
0.005111
0.004571
0.005304
0.005415
0.004042
0.004992
0.004024
0.005416
0.005025
0.005113
0.005129
0.005283
0.003488
0.004138
0.006044
0.004676
0.004621
0.004688
0.005448
0.006188
0.004562
0.005069
0.005117
0.004433
0.005499
0.005693
0.004484
0.004163
0.005520
0.004515
0.004959
0.005449
0.004919
0.005243
0.006067
0.004374
0.004658
0.005514
0.003662
0.005416
0.004906
0.005080
0.005548
0.003590
0.004543
0.004361
0.005008
0.004972
0.005241
0.004825
0.005000
0.004050
0.005226
0.004724
0.004790
0.004359
0.005513
0.003738
0.005179
0.005075
0.005257
0.004868
0.005388
0.004097
0.005263
0.005110
0.004904
0.004259
0.005049
0.003487
0.004591
0.005345
0.003944
0.003365
0.005374
0.004240
0.005593
0.005440
0.005444
0.004442
0.004800
0.005401
0.005096
0.005454
0.005418
0.005488
0.005554
0.004706
0.005349
0.005123
0.005191
0.005742
0.004747
0.005142
0.003854
0.004923
0.005307
0.004152
0.004708
0.005563
0.003584
0.005336
0.005394
0.005332
0.005353
0.005598
0.005854
0.005441
0.006318
0.005378
0.004611
0.005113
0.004847
0.005162
0.005644
0.005209
0.004165
0.004964
0.004979
0.003848
0.005642
0.005427
0.003670
0.003790
0.004782
0.004450
0.005280
0.005121
0.005360
0.004991
0.004341
0.004401
0.003811
0.004452
0.003948
0.004669
0.005398
0.003442
0.003731
0.004682
0.004647
0.005108
0.004899
0.003742

0.004981
0.005282
0.005382
0.004660
0.005157
0.003555
0.005390
0.004112
0.005579
0.004469
0.003509
0.005422
0.004403
0.003637
0.004920
0.004681
0.006225
0.004749
0.003428
0.004453
0.004018
0.004722
0.004433
0.005772
0.005488

0.005247
0.004961
0.004875
0.004279
0.005536
0.004886
0.004535
0.004081
0.004965
0.004754
0.005340
0.004878
0.005370
0.004933
0.006991
0.005229
0.005288
0.005265
0.004182
0.005820
0.005307
0.005563
0.003654
0.005465
0.004264
0.004263
0.003687
0.005506
0.004176
0.004591
0.004851
0.004620
0.004020
0.005295
0.004589
0.004446
0.005541
0.005547

0.004696
0.004794
0.004955
0.005295
0.005483
0.005122
0.005053
0.004610
0.005210
0.004619
0.005593

0.004871
0.003771
0.004274
0.004907
0.005353
0.005236
0.004794
0.005987
0.003587
0.005313
0.005474
0.005274
0.005956
0.005308
0.005875
0.004732
0.005313
0.004925
0.005023
0.004875
0.004397
0.004344
0.004745
0.004729
0.005190
0.005557
0.005814
0.005369
0.004856
0.005134
0.004269
0.005075
0.005592
0.005150

0.005437
0.004730

0.004605
0.005282

0.005200
0.003898
0.003942
0.004214
0.004534
0.004221
0.005348
0.004499
0.005210

0.005175
0.004343
0.003138
0.005269
0.005062
0.004945
0.004546
0.004165
0.005224
0.005533
0.004856
0.004111
0.005009
0.005213
0.004878
0.005114
0.004355
0.005128
0.004195
0.004522
0.003520
0.005610
0.004610
0.005354
0.003659
0.004307
0.005202
0.004881
0.005191
0.003518
0.003870
0.002838
0.003682
0.005363
0.005385
0.005326
0.003033
0.004375
0.004284
0.005536
0.005349
0.004382
0.005707
0.005542
0.005571
0.005680
0.005444
0.004574
0.005479
0.004508
0.004162
0.005701
0.006460
0.005623
0.005627

0.004934
0.004897
0.005256
0.005520
0.005187
0.004998
0.005253
0.005429

0.004459
0.005729
0.005043
0.003868
0.005415
0.005298
0.005114
0.005080
0.005320
0.005320
0.004296
0.005218
0.005414

0.004360
0.003634
0.005264
0.004674
0.004973
0.005463
0.004820
0.005207
0.004384
0.005351
0.004984
0.004584
0.005316
0.005439
0.004654
0.005345
0.004345
0.005305
0.005554
0.004340
0.005383
0.005504
0.005156
0.004524
0.005442
0.004979
0.006349
0.004860
0.005196
0.005319
0.004779
0.004791
0.004515

0.005182
0.005349
0.004089
0.005536
0.005152
0.005241
0.005146
0.005377
0.005450
0.005148
0.005320
0.005668
0.005112
0.004892
0.005264
0.003493
0.005708
0.005673
0.005370
0.004953
0.004367
0.004195
0.004704
0.005713
0.004446
0.004250
0.005231
0.004627
0.005381
0.004643
0.005151
0.004486
0.005125
0.005256
0.004113
0.003796
0.004416
0.003615
0.004609
0.003604
0.004568
0.004031
0.004500
0.006219
0.004752
0.004744
0.003926
0.004395
0.005064
