0.003471
0.004615
0.004692
0.003543
0.003490
0.003167
0.003309
0.003042
0.003600
0.003708
0.003568
0.003523
0.003538
0.003469
0.004302
0.003523
0.003487
0.003437
0.003301
0.003069
0.003495
0.003477
0.002849
0.003132
0.003502
0.005027
0.003239
0.003319
0.003415
0.003524
0.002607
0.003365
0.002674
0.003346
0.002427
0.003317
0.003314
0.003061
0.002931
0.003514
0.002480
0.003133
0.002380
0.005041
0.003537

0.003472
0.003388
0.003322
0.003533
0.002507
0.004426
0.002959
0.003755
0.003483
0.003330
0.003330
0.003880
0.003541
0.004794
0.002752
0.003540
0.002407
0.003574
0.003502
0.003163
0.003963
0.003266
0.002982
0.002241
0.003968
0.003418
0.005156

0.003566
0.003333
0.003792
0.003122
0.003752
0.004174
0.003218
0.003263
0.002433
0.003040
0.002643
0.004252
0.002800
0.003481
0.005017
0.003427
0.002949
0.004323
0.002679
0.003026
0.003806

0.003897
0.002247
0.002902
0.003098
0.002714

0.001216
0.001127
0.003102
0.003516
0.003447
0.002343
0.005333
0.003780
0.003540
0.003521
0.003071
0.002785
0.004428
0.003484
0.003425
0.002674
0.003462
0.004888
0.003151
0.003379
0.004336
0.002901
0.003016
0.003286
0.003216
0.002771
0.003027
0.003015
0.003123
0.003246
0.002503
0.003416
0.003372
0.003510
0.002974
0.002262
0.002998
0.002242
0.003363
0.002596
0.002395
0.003617
0.003249
0.003290
0.003232
0.001547
0.001237
0.003761
0.004245
0.002704
0.003456
0.003616
0.002521
0.002459
0.004394
0.002457
0.003169
0.004424
0.002877
0.002365
0.003648
0.003140
0.003590
0.003693
0.003250
0.004172
0.002612
0.003463
0.005018
0.000967
0.003473
0.002715
0.003013
0.003673
0.003531

0.002345
0.002459
0.003266
0.003339
0.002276
0.002540
0.003455
0.001864
0.002243
0.002746
0.002902
0.002063
0.002809
0.003424
0.003141
0.003373
0.003633
0.002327
0.003049
0.004544

0.004324
0.001157
0.002109
0.004208
0.003841
0.003946

0.001605
0.001077
0.001381
0.001139
0.003056
0.003214
0.003575

0.003484
0.003206
0.003164
0.003645
0.003676

0.003116
0.003679
0.001657
0.002941
0.003592
0.003698
0.003398
0.003080
0.002980
0.003711
0.003200
0.002369
0.003546
0.003422
0.003358
0.002958
0.002899
0.002165
0.001017
0.000988
0.000995
0.001013
0.000985
0.000993
0.001194
0.001237
0.001205
0.001144
0.001290
0.001219
0.001212
0.003044
0.001192
0.001642
0.002812
0.003541
0.002359
0.004614
0.002904
0.002611
0.003355
0.003192
0.002896
0.000963
0.001092
0.001093
0.001265
0.001300

0.003589
0.003891
0.003296
0.003305
0.003057
0.003269
0.002449
0.003078
0.005148
0.003175
0.002705
0.003303
0.003464
0.004303
0.003649
0.003543
0.004788
0.003843
0.003497
0.004284
0.003700
0.003591
0.004006
0.002273
0.003070
0.002517
0.004105
0.003357
0.002293
0.003897
0.003878
0.002543
0.003293
0.004181
0.002934
0.002581
0.003137
0.003398
0.004192
0.003210
0.003267
0.002982
0.003335
0.003407
0.003205
0.003121
0.003510
0.003089
0.004367
0.003555
0.003127
0.003958
0.002365
0.003198
0.003573
0.002360
0.003274
0.002827
0.003000
0.003500
0.003175
0.003346
0.002435
0.004086
0.003345
0.003160
0.003035
0.003503
0.003029
0.003467
0.003325
0.003742
0.003414
0.003456
0.003803
0.003199
0.003569
0.003071
0.004208
0.004424
0.003123
0.002515
0.003643
0.003131

0.003045
0.003150
0.004889
0.002496
0.003438
0.003857
0.003351
0.003053
0.004258
0.003620
0.002756
0.003044
0.003648
0.003110
0.003129
0.002713
0.003935
0.003570
0.003108
0.003042
0.003288
0.002389
0.003200
0.003686
0.002471
0.003446
0.003120
0.002987
0.002348
0.005093
0.003688
0.002686
0.005565
0.003100
0.002947
0.004147
0.003097
0.003046
0.004481
0.003211
0.003908

0.003250
0.003076
0.003064
0.003039
0.003157
0.002496
0.003187
0.003111
0.003217
0.002909
0.003545
0.003082
0.004858
0.003268
0.003082
0.003573
0.002592
0.003029
0.003111
0.004408
0.003539
0.003423

0.002992
0.003892
0.003882
0.002520
0.003319
0.003104
0.003805
0.003554
0.003157
0.003533
0.002563
0.003172
0.003292
0.003439
0.003540
0.003737
0.003525
0.003349
0.004654
0.003561
0.003501
0.003376
0.003809
0.003612
0.004014
0.003428
0.003519
0.003858
0.003343
0.004337
0.003181
0.003135
0.003304
0.003172
0.003591
0.003473
0.003920
0.003152
0.003642
0.003090
0.002699
0.003481
0.003082
0.003583
0.003216
0.002414
0.003131
0.003340
0.003141
0.003050
0.003479
0.003167
0.003231
0.005318
0.003069
0.002957
0.005426
0.002990
0.003174
0.002262
0.003673
0.003414
0.002523
0.002489
0.003012
0.003062
0.002829
0.003553
0.004339
0.004074
0.003235
0.003128

0.002854
0.002987
0.003555
0.003950
0.003912
0.003179
0.002968
0.004306
