0.003203
0.005259
0.003866
0.004076

0.002388
0.003211
0.002845
0.005779
0.003804
0.002889
0.003388
0.002736
0.003528
0.003698
0.003130
0.002070
0.003123
0.004566
0.003816
0.004258
0.002482
0.001930
0.004183
0.003464
0.002329

0.003145

0.002417

0.003787
0.003935
0.002243
0.002790
0.003576
0.004588
0.002535
0.005634
0.002272
0.002247
0.003228
0.003359
0.002844
0.003755
0.003290
0.003730
0.002881
0.003604
0.003310
0.002780
0.003289
0.002960
0.001915
0.003925
0.004753
0.002401
0.002594
0.002066
0.002755
0.004384
0.002169
0.003294
0.002350
0.005305
0.004343

0.003468
0.003755
0.004904
0.003105
0.003211
0.003938
0.003457
0.002801
0.002029
0.004567
0.002649
0.003151
0.002119
0.003016
0.003731


0.003724
0.003819
0.005479
0.002895
0.003023
0.003619
0.003008
0.003331
0.002953
0.003637
0.003408
0.003264
0.003434
0.003578
0.003297
0.002230
0.002354
0.003014

0.002213
0.003159
0.003706
0.003106
0.003548
0.003786
0.003568

0.003941
0.002609
0.002515
0.003698
0.003533
0.002732
0.003377
0.003588
0.002704

0.003652
0.004554
0.002705
0.002794
0.002515
0.003060
0.004367
0.002689
0.001975
0.002210
0.002422
0.002806
0.003182
0.002122
0.003089
0.002789
0.002534
0.003561
0.002521
0.002261
0.004148
0.003017

0.002447
0.002683
0.003117
0.004134
0.002258
0.002097
0.003439
0.002696
0.002241
0.002491
0.003877
0.002353
0.003359
0.002645
0.003161
0.003022
0.004260
0.002157
0.003780
0.002267
0.002941
0.002927

0.002571
0.003545
0.003844
0.002393
0.003686
0.002241
0.002918
0.002802
0.003425
0.003762
0.002677
0.002153
0.004312
0.003116

0.002827
0.002268
0.003553
0.003292
0.002721

0.002841
0.002189
0.002951
0.002763

0.002854
0.002780
0.003610
0.002773
0.003546
0.003007
0.002394
0.002600
0.004400
0.002927
0.002758
0.003697
0.002408
0.003011
0.003506
0.003531
0.002516
0.002828
0.004633
0.002415
0.003531
0.004040
0.002975
0.003011
0.003762
0.002286
0.002099
0.004777
0.002148
0.002578
0.003856
0.003556
0.002531
0.003559
0.004183
0.002486
0.003183

0.004616
0.002947
0.003576
0.003403
0.003265
0.002710
0.003120
0.003682
0.003286
0.002675
0.002261
0.003294
0.003177
0.003523
0.003189
0.002588
0.004377
0.003039

0.002137
0.002569
0.002639
0.002232
0.004549
0.002650
0.002770
0.003639
0.004692
0.003646
0.002439

0.002412
0.003308
0.004358
0.003469
0.003416
0.002641
0.003085
0.004574
0.003619
0.003151
0.004846
0.002839
0.002496
0.004798
0.002877
0.003442
0.003279
0.002372
0.004048

0.002201
0.004108
0.005001
0.003811
0.003482
0.003932
0.002446
0.002554

0.003712
0.002644
0.003694
0.003260
0.003665
0.002724
0.005212
0.003399
0.002869
0.002505
0.002987
0.004417
0.003878
0.004611
0.002280
0.002631
0.005160
0.002283
0.002349
0.004739

0.004401

0.003086
0.003209
0.002824
0.002428
0.004377
0.002675
0.003201
0.003845
0.003683
0.003243
0.002807
0.002832
0.002571
0.003454
0.004535
0.003008
0.002652
0.003033
0.002083
0.003587
0.003847
0.002708
0.002340
0.002567
0.003185
0.003127
0.004443
0.003061
0.002879

0.003110
0.002496
0.002814
0.002252
0.003519
0.002561
0.005164
0.002024
0.003308
0.003311
0.002962
0.002478
0.004755
0.003691
0.004323
0.004227
0.001840
0.003792
0.004391


0.003155
0.002399
0.003272
0.003477
0.002097
0.002122
0.003505
0.002551
0.003523
0.002888
0.002182
0.002846
0.003638
0.003986
0.002813
0.003709
0.002769
0.003277
0.003098
0.002293

0.002276
0.002293
0.004710
0.002818
0.004058
0.002723
0.004195
0.003715
0.003411
0.002069
0.003008
0.003400
0.004030
0.002605
0.002273
0.003549
0.003820
0.003571

0.003237
0.004127
0.002644
0.003157
0.003642
0.004545

0.003423
0.003782
0.002615
0.002893
0.003523
0.003053
0.002982
0.003935
0.003925
0.004074
0.004125
0.002894
0.003571
0.003781
0.003069
0.002810
0.002708
0.004320
0.002762

0.003286
0.003679
0.002878
0.002831
0.003417
0.003638
0.002584
0.002091
0.002452
0.002784
0.002768
0.002660
0.002905
0.004580
0.003057
0.003063
0.002023
0.002842
0.003153
0.004465
0.003051
0.002091
0.003644
0.002243
0.004165
0.004240
0.002718
0.003860

0.004687
0.002876
0.003497
0.003905
0.002125
0.003585
0.002847
0.004412
0.001986
0.003470
0.002252
0.003263
0.003495
0.002856
0.002294
0.002033
0.002181
0.002695
0.003932

0.002293
0.002938
0.003065
0.003584
0.002571
0.003220

0.003238
0.002501
0.003919
0.002524
0.002547
0.002986
0.002115
0.002980
0.002982
0.003034
0.002674
0.003242
