0.000530
0.001035
0.000512
0.000411
0.000535
0.000996
0.000513
0.000785
0.000997
0.000807
0.000793
0.001000
0.000765
0.000769
0.000659
0.000728
0.000483
0.000665
0.000780
0.000803
0.000577
0.001449
0.000485
0.000743
0.000546
0.000682
0.000790
0.000483
0.000637
0.000683
0.000508
0.000473
0.001182
0.000564
0.000789
0.000567
0.000750
0.000721
0.000571
0.000483
0.000796
0.000540
0.000683
0.000725
0.000557
0.000928
0.000621
0.000753
0.000546
0.000763
0.000780
0.000700
0.000803
0.000523
0.000468
0.001235
0.000468
0.000498
0.000454
0.000487
0.000782
0.000693
0.001374
0.000491
0.000533
0.000787
0.000748
0.000748
0.000541
0.000925
0.000497
0.000542
0.000529
0.000460
0.000748
0.000243
0.000904
0.000507
0.000249
0.000532
0.000743
0.000755
0.000549
0.000933
0.000476
0.000489
0.000650
0.000487
0.000515
0.000997
0.000503
0.000495
0.000871
0.000453
0.000245
0.000753
0.000543
0.000522
0.000603
0.000320
0.000745
0.001713
0.000471
0.000498
0.000241
0.000660
0.000736
0.000514
0.000755
0.000812
0.000455
0.000616
0.000443
0.000564
0.000585
0.000759
0.001187
0.000484
0.001004
0.000784
0.000496
0.001166
0.000576
0.000472
0.000549
0.000264
0.000475
0.000563
0.001479
0.000718
0.000482
0.000971
0.000455
0.000647
0.001833
0.000505
0.000612
0.000555
0.000652
0.000524
0.000569
0.000985
0.000470
0.000486
0.000489
0.000465
0.000535
0.000511
0.001552
0.000472
0.000496
0.000656
0.000720
0.000502
0.001495
0.000526
0.000528
0.000778
0.000642
0.000612
0.001455
0.000581
0.000498
0.000752
0.000769
0.000507
0.000940
0.000492
0.000471
0.000920
0.000535
0.000540
0.001594
0.000623
0.000454
0.000682
0.000558
0.000510
0.000513
0.000727
0.000500
0.000832
0.000711
0.000753
0.000447
0.000600
0.000454
0.000773
0.000482
0.002504
0.000525
0.000443
0.000697
0.000742
0.000472
0.000788
0.000478
0.000797
0.000478
0.001230
0.000489
0.000472
0.000793
0.000530
0.000445
0.000759
0.000510
0.000534
0.000462
0.002072
0.000494
0.000463
0.000980
0.000423
0.000503
0.000725
0.001135
0.000617
0.000584
0.000752
0.000567
0.000550
0.000713
0.000465
0.000489
0.000789
0.000572
0.000420
0.000677
0.000480
0.000473
0.000620
0.000497
0.000643
0.001022
0.000474
0.000701
0.000691
0.000502
0.000557
0.000933
0.000758
0.000836
0.000947
0.000710
0.000413
0.001832
0.000494
0.000493
0.000701
0.000981
0.001518
0.000977
0.000775
0.000927
0.000554
0.000528
0.000689
0.000460
0.000545
0.000764
0.000755
0.000455
0.000806
0.000639
0.000516
0.000518
0.000782
0.000473
0.000625
0.000491
0.000804
0.000498
0.001324
0.000766
0.000491
0.001719
0.000501
0.000458
0.000641
0.000793
0.000544
0.000506
0.000693
0.000504
0.000427
0.000776
0.001435
0.000535
0.000446
0.000915
0.001175
0.000515
0.001062
0.001025
0.000540
0.001125
0.000639
0.000762
0.000920
0.000780
0.001120
0.000729
0.001002
0.000819
0.000460
0.000563
0.000452
0.000628
0.000481
0.001067
0.000478
0.000538
0.000885
0.000466
0.000756
0.000749
0.000759
0.000531
0.000987
0.000512
0.000554
0.000503
0.000939
0.000593
0.000431
0.000784
0.000512
0.000753
0.000436
0.000470
0.000755
0.000517
0.000599
0.000508
0.000456
0.000494
0.000486
0.000531
0.001035
0.000524
0.000536
0.000709
0.000482
0.000695
0.000682
0.000520
0.000563
0.000644
0.000708
0.000735
0.000472
0.000738
0.000541
0.000707
0.000532
0.000754
0.000543
0.000577
0.000982
0.000445
0.000522
0.001366
0.000599
0.000745
0.000787
0.000723
0.000650
0.000779
0.000439
0.000464
0.000495
0.000737
0.000448
0.000706
0.000557
0.000526
0.000456
0.000897
0.000729
0.000447
0.000637
0.000494
0.000469
0.000846
0.000466
0.000800
0.001011
0.000481
0.000543
0.000407
0.000509
0.000558
0.000766
0.000471
0.000743
0.000653
0.000626
0.000471
0.000770
0.000440
0.000493
0.000484
0.000713
0.000685
0.000594
0.000534
0.000464
0.000450
0.000791
0.000472
0.000487
0.001112
0.001449
0.000570
0.000580
0.000962
0.000791
0.000444
0.000949
0.000449
0.001066
0.000955
0.000503
0.000502
0.000783
0.000799
0.000555
0.000499
0.000963
0.000743
0.000438
0.000786
0.000519
0.000468
0.000508
0.001308
0.000808
0.000599
0.000820
0.000837
0.000521
0.000995
0.001563
0.000511
0.000477
0.000628
0.000701
0.001128
0.000789
0.001126
0.000548
0.000815
0.000437
0.000423
0.001805
0.000533
0.000567
0.000457
0.000576
0.001129
0.000482
0.000779
0.000455
0.000472
0.000449
0.001177
0.000710
0.000689
0.001004
0.000932
0.000718
0.000720
0.000687
0.000532
0.000455
0.001016
0.000509
0.000416
0.000762
0.000793
0.000487
0.000479
0.001128
0.000533
0.000437
0.000952
0.000517
0.000861
0.000571
0.000688
0.000435
0.000475
0.000797
0.000500
0.000838
0.000436
0.000448
0.000586
0.000568
0.000783
0.000491
0.000506
0.000565
0.000474
0.000577
0.000467
0.000526
0.000611
0.001179
0.000566
0.000735
0.000732
0.000519
0.000442
0.001391
0.000525
0.000479
0.001352
0.000503
0.000506
0.000920
0.000521
0.000687
0.001164
0.000421
0.000578
0.000721
0.000756
0.000463
0.000471
0.000875
0.000718
0.000487
0.001449
0.000600
0.000535
0.000610
0.000664
0.000721
0.000591
0.000748
0.000510
0.000518
0.000736
0.000490
0.000572
0.000503
0.000471
0.000568
0.001269
0.000592
0.000608
0.000581
0.000763
0.000502
0.000489
0.000945
0.000551
0.000425
0.000975
0.000481
0.000764
0.000564
0.000752
0.000472
0.000773
0.000616
0.000464
0.000555
0.000434
0.000464
0.000490
0.000393
0.000512
0.000545
0.000719
0.000475
0.000589
0.000769
0.000521
0.000629
0.000551
0.000481
0.000431
0.000910
0.000483
0.000518
0.001050
0.000274
0.000179
0.000935
0.000435
0.000632
0.002011
0.000521
0.000489
0.001182
0.000495
0.000581
0.000615
0.000807
0.000522
0.000563
0.000613
0.000491
0.000466
0.000759
0.000597
0.000567
0.000565
0.000606
0.000454
0.000613
0.000607
0.000686
0.000457
0.000964
0.000779
0.000623
0.000720
0.000765
0.000509
0.000694
0.000477
0.000518
0.001002
0.000723
0.000457
0.001393
0.000458
0.000596
0.000828
0.000447
0.000477
0.000590
0.000516
0.000455
0.000512
0.000644
0.000436
0.000536
0.000582
0.000611
0.000517
0.000563
0.000874
0.000544
0.000534
0.001125
0.000589
0.000536
0.001551
0.000817
0.000438
0.000465
0.000756
0.000948
0.000703
0.000551
0.000675
0.000455
0.000573
0.000523
0.000544
0.000647
0.000900
0.000762
0.000566
0.000624
0.000463
0.000539
0.000500
0.000677
0.000506
0.000443
0.000751
0.000760
0.000467
0.000950
0.000458
0.000493
0.000729
0.000460
0.000498
0.001535
0.000462
0.000501
0.000739
0.000535
0.000642
0.000709
0.000480
0.000487
0.000612
0.000466
0.000492
0.000642
0.000771
0.000687
0.000694
0.001009
0.000499
0.000581
0.000760
0.000555
0.001047
0.000477
0.001003
0.000655
0.000471
0.000611
0.000556
0.000559
0.000563
0.000452
0.000465
0.001002
0.000793
0.000581
0.001589
0.000452
0.000566
0.000535
0.001443
0.000707
0.000493
0.000704
0.000523
0.000477
0.000566
0.000503
0.000505
0.000618
0.000457
0.000445
0.000560
0.000651
0.000441
0.000772
0.000480
0.000735
0.000754
0.000450
0.000566
0.000557
0.000599
0.000472
0.000615
0.000758
0.000446
0.001800
0.000487
0.000741
0.000577
0.000497
0.000824
0.000528
0.001058
0.000818
0.000689
0.000437
0.000761
0.000464
0.000444
0.000685
0.001110
0.000509
0.000583
0.000472
0.000430
0.000755
0.000780
0.000486
0.000515
0.000628
0.000517
0.000573
0.000767
0.000459
0.001103
0.000470
0.000524
0.000504
0.000793
0.000442
0.000636
0.001758
0.000438
0.000532
0.000747
0.000479
0.000463
0.001790
0.000445
0.000462
0.000570
0.000712
0.000492
0.000738
0.000736
0.000543
0.000580
0.000757
0.000731
0.000544
0.000804
0.000781
0.000461
0.000524
0.001015
0.000686
0.000451
0.000708
0.000512
0.000493
0.000587
0.000771
0.000726
0.000475
0.001276
0.000520
0.000731
0.000498
0.000515
0.000477
0.000568
0.000539
0.000557
0.000721
0.000466
0.000577
0.000737
0.000458
0.000566
0.000761
0.000470
0.000593
0.000781
0.000617
0.001299
0.000419
0.000524
0.000519
0.000724
0.000486
0.000567
0.000602
0.000448
0.000470
0.001516
0.000703
0.000500
0.000483
0.000525
0.000573
0.000980
0.000530
0.000681
0.000901
0.000542
0.000490
0.001526
0.000645
0.000431
0.000720
0.000497
0.000465
0.000761
0.000686
0.000481
0.000674
0.000540
0.000549
0.001684
0.000516
0.000789
0.000764
0.000690
0.000457
0.000588
0.000784
0.000544
0.001549
0.000717
0.000616
0.000932
0.000755
0.000491
0.000730
0.000482
0.000549
0.000596
0.000956
0.000502
0.000551
0.000760
0.000508
0.000774
0.000840
0.000516
0.000473
0.000728
0.000449
0.000484
0.000435
0.001249
0.000514
0.000537
0.000997
0.000476
0.000420
0.001672
0.000882
0.001702
0.000467
0.001013
0.000493
0.000449
0.000699
0.000721
0.000432
0.000715
0.000711
0.000431
0.000550
0.000754
0.000491
0.000517
0.001432
0.000642
0.000764
0.000570
0.000763
0.000656
0.000571
0.000746
0.000817
0.000660
0.000640
0.000770
0.000454
0.000560
0.000772
0.000670
0.000573
0.000634
0.000467
0.000587
0.000731
0.000952
0.000470
0.000995
0.000507
0.000488
0.000689
0.000775
0.000631
0.000915
0.000729
0.000488
0.001458
0.000566
0.000751
0.000721
0.000526
0.000484
0.000508
0.001389
0.000776
0.000440
0.001364
0.000602
0.000608
0.002034
0.000781
0.000670
0.000457
0.000476
0.000734
0.000529
0.000491
0.000610
0.001747
0.000864
0.000533
0.000534
0.000535
0.000629
0.000460
0.000570
0.000460
0.000508
0.000647
0.001602
0.000441
0.000508
0.000702
0.000810
0.000485
