0.000805
0.000574
0.000175
0.000233
0.000211
0.000608
0.000798
0.000663
0.000848
0.000486
0.000798
0.000551
0.000515
0.000603
0.000873
0.000561
0.000584
0.000704
0.000186
0.000581
0.001461
0.000501
0.000809
0.000629
0.000656
0.000542
0.000452
0.000575
0.000588
0.000516
0.000794
0.000514
0.000302
0.000289
0.000191
0.000169
0.000450
0.000929
0.000515
0.000532
0.000564
0.000553
0.000799
0.000537
0.000657
0.000576
0.000670
0.000585
0.000649
0.000532
0.000199
0.000515
0.000521
0.000176
0.000662
0.000636
0.000262
0.000648
0.000691
0.000768
0.000498
0.000548
0.000537
0.000574
0.000566
0.000651
0.000519
0.000758
0.000500
0.000596
0.000171
0.000192
0.000547
0.000973
0.000723
0.000570
0.000706
0.000509
0.000521
0.001237
0.001097
0.000639
0.000538
0.000907
0.000519
0.000532
0.000681
0.000520
0.000736
0.000975
0.000521
0.000551
0.000565
0.000676
0.000529
0.000635
0.001165
0.000566
0.000640
0.000864
0.000454
0.000582
0.000480
0.000462
0.000547
0.001966
0.000469
0.000497
0.001386
0.000570
0.000499
0.001416
0.000506
0.000530
0.000691
0.000746
0.000218
0.000285
0.000537
0.000402
0.000204
0.000799
0.000365
0.000205
0.000529
0.000599
0.000484
0.001370
0.000459
0.000637
0.000559
0.000542
0.000712
0.000684
0.001109
0.000582
0.000693
0.000557
0.000558
0.000557
0.000571
0.001807
0.000567
0.000572
0.000594
0.000773
0.000639
0.000733
0.000707
0.000539
0.000573
0.001018
0.000557
0.000492
0.000674
0.001187
0.000768
0.000761
0.001031
0.000509
0.000761
0.000961
0.000763
0.000475
0.000563
0.000901
0.000532
0.000622
0.000889
0.000523
0.000637
0.000648
0.000709
0.000539
0.000993
0.000773
0.000484
0.001561
0.001154
0.000489
0.000584
0.001727
0.000466
0.000555
0.001424
0.000472
0.000733
0.000996
0.000524
0.000748
0.000574
0.000439
0.000553
0.001089
0.000561
0.000570
0.002634
0.000747
0.000466
0.001575
0.000744
0.000590
0.000607
0.000916
0.000757
0.000555
0.001057
0.000542
0.000565
0.001252
0.000636
0.000495
0.000536
0.000584
0.000565
0.000541
0.000763
0.000605
0.000588
0.000499
0.000578
0.000757
0.000726
0.000591
0.000825
0.000663
0.000527
0.000550
0.000756
0.000538
0.000526
0.000518
0.000554
0.000572
0.001706
0.000556
0.000689
0.000919
0.000621
0.000533
0.000546
0.000771
0.000531
0.000537
0.000756
0.000511
0.000570
0.001042
0.000470
0.000480
0.000693
0.000515
0.000571
0.000581
0.000713
0.000553
0.000620
0.000483
0.001593
0.000567
0.000537
0.000506
0.000911
0.001460
0.000568
0.000880
0.000497
0.000898
0.000980
0.000500
0.000556
0.001308
0.000473
0.001530
0.000458
0.000598
0.000564
0.001689
0.000515
0.000615
0.000752
0.000715
0.000486
0.000623
0.000711
0.000561
0.001392
0.000510
0.000683
0.001133
0.000542
0.000457
0.000455
0.000499
0.000635
0.000532
0.000612
0.000492
0.000544
0.000902
0.000801
0.000518
0.000502
0.000733
0.000568
0.000532
0.000789
0.000469
0.000546
0.000850
0.000544
0.000547
0.000999
0.000570
0.000718
0.000760
0.000522
0.000690
0.001171
0.000659
0.000558
0.001001
0.000578
0.000558
0.000545
0.000790
0.000461
0.000773
0.000640
0.000723
0.000477
0.001360
0.000504
0.000575
0.000503
0.000760
0.000589
0.001364
0.000696
0.000558
0.001724
0.000624
0.000481
0.000582
0.001323
0.000449
0.000664
0.000803
0.000614
0.000552
0.001753
0.000491
0.000565
0.000878
0.001022
0.000572
0.000951
0.001401
0.000568
0.000939
0.000485
0.000590
0.000713
0.001169
0.000519
0.001068
0.000762
0.000568
0.000534
0.000468
0.000524
0.000645
0.001474
0.000637
0.000729
0.001007
0.000749
0.001447
0.001074
0.000755
0.000498
0.000726
0.000466
0.000531
0.000553
0.001410
0.000530
0.000587
0.000918
0.000507
0.000611
0.000824
0.000565
0.000525
0.000552
0.000727
0.000514
0.000540
0.000739
0.000459
0.001753
0.000806
0.000512
0.000588
0.000903
0.000554
0.000540
0.000942
0.000676
0.000630
0.000627
0.000482
0.000496
0.001668
0.000519
0.000564
0.000732
0.001425
0.000588
0.000564
0.001479
0.000578
0.000568
0.000954
0.000537
0.000584
0.000927
0.000641
0.000557
0.001245
0.000460
0.000465
0.000574
0.000517
0.000506
0.000778
0.000495
0.000602
0.000631
0.000508
0.000871
0.000543
0.000769
0.000770
0.000549
0.001408
0.000503
0.000565
0.000733
0.000582
0.000672
0.000966
0.000840
0.000453
0.000726
0.000650
0.000571
0.001461
0.000749
0.000568
0.001685
0.000462
0.000761
0.000643
0.000999
0.001033
0.000511
0.000772
0.000794
0.000487
0.000609
0.000597
0.000598
0.000732
0.000559
0.000560
0.000460
0.001827
0.000490
0.000782
0.000499
0.000506
0.000600
0.001240
0.000467
0.000606
0.000624
0.000534
0.000531
0.000609
0.000939
0.000532
0.000678
0.000650
0.000687
0.000499
0.000580
0.000740
0.000552
0.000553
0.000561
0.000801
0.000481
0.000747
0.000721
0.000525
0.000499
0.000478
0.000520
0.000467
0.000569
0.000773
0.000765
0.000542
0.000597
0.000782
0.000544
0.000537
0.000677
0.000584
0.000650
0.000676
0.000545
0.000566
0.001020
0.000484
0.000572
0.000621
0.000462
0.000626
0.000904
0.000721
0.000514
0.001890
0.000475
0.000492
0.000555
0.000472
0.000538
0.000749
0.000576
0.000725
0.000842
0.000667
0.000548
0.001113
0.001168
0.000576
0.000558
0.001697
0.000711
0.000765
0.001330
0.000750
0.000589
0.000817
0.000459
0.000789
0.000680
0.001083
0.000465
0.000518
0.000543
0.000723
0.000486
0.001234
0.000640
0.000746
0.000551
0.001152
0.000531
0.000792
0.000590
0.000518
0.000533
0.000627
0.001379
0.000698
0.000646
0.001847
0.000516
0.000534
0.000561
0.000986
0.000481
0.000541
0.000564
0.000769
0.000571
0.000788
0.001032
0.000524
0.000684
0.001033
0.000461
0.000646
0.000717
0.000550
0.000695
0.000547
0.000758
0.000541
0.001664
0.001061
0.000766
0.000535
0.000495
0.000647
0.000772
0.000754
0.000498
0.000895
0.000520
0.000739
0.000555
0.001481
0.000741
0.000783
0.001023
0.000476
0.000779
0.000819
0.000752
0.000481
0.000563
0.000487
0.000571
0.000516
0.000529
0.000528
0.000442
0.000935
0.000778
0.000555
0.001061
0.000783
0.001005
0.000563
0.001485
0.000534
0.000702
0.001150
0.001042
0.000503
0.000797
0.000463
0.000478
0.000581
0.001378
0.000485
0.000759
0.000782
0.000477
0.000618
0.000525
0.001151
0.000547
0.000606
0.000576
0.000972
0.000458
0.000964
0.000746
0.000805
0.000742
0.001339
0.000457
0.000724
0.000686
0.000789
0.000753
0.000652
0.001052
0.000449
0.001783
0.000789
0.000480
0.001672
0.000461
0.000808
0.000714
0.001476
0.000648
0.000559
0.001907
0.000551
0.000517
0.000501
0.001344
0.001200
0.000775
0.001094
0.000455
0.000506
0.000546
0.000464
0.000570
0.000662
0.001287
0.000557
0.000563
0.000452
0.000727
0.000476
0.000570
0.001209
0.000566
0.000564
0.000720
0.000760
0.001656
0.000963
0.000565
0.000476
0.000912
0.000711
0.000454
0.000527
0.000497
0.000473
0.000585
0.000805
0.000704
0.000463
0.001725
0.000516
0.000767
0.001220
0.000517
0.000583
0.000757
0.000484
0.000602
0.000795
0.000502
0.000702
0.000885
0.000740
0.000560
0.001387
0.000585
0.000845
0.000753
0.000691
0.001112
0.000584
0.000940
0.000536
0.000560
0.001052
0.000596
0.000650
0.001003
0.000501
0.000597
0.001003
0.000454
0.000637
0.000459
0.000832
0.000594
0.000565
0.001129
0.000482
0.000574
0.000521
0.000488
0.000611
0.000615
0.000571
0.000461
0.000597
0.001363
0.000532
0.000457
0.001549
0.000495
0.000678
0.001080
0.000788
0.000748
0.000736
0.000441
0.000596
0.000693
0.000446
0.000494
0.000483
0.000457
0.000797
0.000491
0.000571
0.000990
0.000534
0.000598
0.000473
0.000496
0.000578
0.001441
0.000460
0.000760
0.000542
0.000809
0.000518
0.000812
0.000524
0.000557
0.000789
0.001021
0.000551
0.000468
0.000550
0.000461
0.000508
0.000533
0.000736
0.000565
0.000463
0.001814
0.000565
0.000637
0.000557
0.001011
0.000478
0.000486
0.001807
0.000553
0.000453
0.000589
0.000576
0.000769
0.000548
0.001946
0.000820
0.000587
0.000545
0.000751
0.000482
0.000566
0.000783
0.000551
0.001706
0.000548
0.000560
0.000565
0.000513
0.000791
0.000683
0.000956
0.000657
0.000482
0.001449
0.000752
0.000475
0.001689
0.000537
0.000597
0.000631
0.001177
0.000918
0.000778
0.000997
0.000792
0.000571
0.001365
0.000535
0.000583
0.001259
0.000456
0.000663
0.000552
0.000521
0.000481
0.000557
0.000829
0.000561
0.000664
0.000804
0.000780
0.000763
0.000567
0.000537
0.000453
0.001090
0.001200
0.000481
0.000599
0.001389
0.000506
0.000596
0.000936
0.000528
0.000452
0.000622
0.000542
0.000546
0.001834
0.000453
0.000753
0.000587
0.000750
0.000676
0.000679
0.001080
0.000520
0.001134
0.000908
0.000532
0.000575
0.000868
0.000517
0.000565
0.000715
0.000530
0.000734
0.000526
0.000567
0.000546
0.000946
0.000569
0.000558
0.000927
0.000469
0.000544
0.000989
0.000951
0.000445
0.000975
0.000585
0.000746
0.000551
0.001397
0.000522
0.000584
0.000949
0.000581
0.000629
0.000714
0.000472
0.000539
0.000574
0.000725
0.000657
0.001599
0.000492
0.000761
0.000852
0.000496
0.000702
0.000567
0.000773
0.000602
0.000491
0.001298
0.000703
0.000502
0.000597
0.000734
0.000668
0.000528
0.000705
0.000475
0.000548
0.000520
0.000487
0.000674
0.000905
0.000553
0.000636
0.000644
0.000778
0.000567
0.000565
0.001047
0.000489
0.000514
0.000531
0.000761
0.000717
0.001199
0.000523
0.000472
0.000561
0.000898
0.000462
0.000703
0.000486
0.000545
0.000606
0.000653
0.000482
0.000485
0.000660
0.001005
0.000766
0.000494
0.000942
0.000533
0.000606
0.000920
