0.000811
0.000711
0.000575
0.000591
0.000742
0.001090
0.000572
0.000819
0.001633
0.000578
0.000841
0.001006
0.001018
0.000609
0.000933
0.000643
0.001086
0.000822
0.001824
0.000575
0.000732
0.000937
0.000582
0.000656
0.001115
0.000936
0.000590
0.001409
0.000578
0.001073
0.000925
0.000680
0.000620
0.000791
0.000772
0.000579
0.000742
0.000912
0.000646
0.000907
0.000838
0.000603
0.000814
0.001057
0.000607
0.000609
0.000746
0.000846
0.000892
0.000704
0.001106
0.000601
0.001051
0.000790
0.000644
0.000849
0.001664
0.000567
0.000592
0.000795
0.000761
0.000604
0.000793
0.001035
0.000604
0.000799
0.000651
0.000568
0.000578
0.001031
0.000605
0.000584
0.001030
0.000568
0.000583
0.000794
0.002050
0.000615
0.000822
0.000780
0.000593
0.000791
0.001407
0.000608
0.000582
0.000741
0.000737
0.000615
0.001097
0.000620
0.000620
0.000800
0.002239
0.000578
0.000590
0.000796
0.000716
0.000687
0.000657
0.001009
0.000588
0.000767
0.001031
0.000594
0.000776
0.000552
0.001081
0.000798
0.001923
0.000571
0.000794
0.001050
0.000743
0.000637
0.000708
0.001622
0.000586
0.000938
0.000588
0.000586
0.000861
0.000819
0.000637
0.000827
0.000968
0.000603
0.000568
0.000743
0.000788
0.000635
0.001110
0.001196
0.000561
0.000911
0.000618
0.000806
0.000672
0.001121
0.000849
0.000877
0.000585
0.000592
0.002124
0.000585
0.001199
0.000755
0.000572
0.000626
0.000861
0.001016
0.000588
0.001107
0.000586
0.000669
0.000781
0.001046
0.000646
0.000578
0.001003
0.001579
0.000654
0.000803
0.002036
0.000601
0.000783
0.001660
0.000684
0.000773
0.001080
0.001101
0.000576
0.001069
0.000990
0.000593
0.000801
0.001483
0.001798
0.001105
0.000768
0.001022
0.000585
0.000611
0.000982
0.000572
0.000606
0.000724
0.001109
0.000574
0.001105
0.000795
0.000595
0.000743
0.000568
0.000624
0.000784
0.000924
0.000585
0.000795
0.000990
0.001096
0.000690
0.000861
0.000760
0.000545
0.000695
0.000778
0.000608
0.000717
0.001686
0.000605
0.000773
0.000939
0.000579
0.000785
0.001195
0.000602
0.001699
0.001035
0.000591
0.001703
0.001143
0.000571
0.001061
0.001001
0.000651
0.000557
0.000707
0.001042
0.000870
0.000763
0.000850
0.000595
0.001059
0.001085
0.000568
0.001488
0.000785
0.001034
0.000597
0.000770
0.000946
0.001648
0.000842
0.001053
0.001112
0.000629
0.000786
0.001137
0.000599
0.001099
0.000969
0.000775
0.001115
0.000790
0.000700
0.000641
0.000738
0.000576
0.000637
0.000725
0.000946
0.000602
0.000802
0.000833
0.000577
0.001103
0.000785
0.001026
0.000581
0.001498
0.000734
0.001084
0.000701
0.000941
0.000605
0.000601
0.001707
0.000568
0.000674
0.000680
0.000555
0.000661
0.000744
0.000764
0.000590
0.000815
0.001683
0.001257
0.000581
0.000980
0.000607
0.000554
0.000555
0.000923
0.001571
0.000811
0.000832
0.000623
0.000641
0.000671
0.000779
0.000772
0.000783
0.000763
0.000614
0.000858
0.001370
0.000683
0.000596
0.000823
0.000620
0.000599
0.000759
0.000808
0.000796
0.000725
0.000977
0.000616
0.000582
0.001468
0.000600
0.000553
0.001073
0.001064
0.000605
0.000734
0.001023
0.000535
0.000574
0.000575
0.001140
0.000576
0.000736
0.000932
0.000551
0.001091
0.000766
0.000594
0.000789
0.001657
0.000565
0.001134
0.001069
0.000779
0.000575
0.000630
0.001573
0.000577
0.001095
0.001116
0.001099
0.000791
0.000952
0.000702
0.000774
0.000779
0.000619
0.000637
0.001297
0.000595
0.001071
0.000777
0.000587
0.000792
0.000998
0.000589
0.000813
0.001202
0.000590
0.000828
0.000983
0.000582
0.000589
0.000713
0.000608
0.000554
0.000783
0.000979
0.000599
0.001093
0.000749
0.000850
0.000584
0.000831
0.000788
0.000591
0.000833
0.000701
0.000638
0.000591
0.001260
0.000880
0.000604
0.000846
0.000918
0.001021
0.000561
0.000733
0.001723
0.000808
0.000756
0.000878
0.000589
0.000562
0.000554
0.000586
0.000624
0.000632
0.000770
0.000572
0.000899
0.000838
0.000640
0.000580
0.000810
0.000583
0.000582
0.001069
0.000589
0.000597
0.000773
0.000861
0.000752
0.000791
0.001019
0.000595
0.000769
0.000639
0.000589
0.001554
0.000667
0.000700
0.000805
0.000599
0.000771
0.001691
0.000570
0.000600
0.000697
0.000787
0.000812
0.000726
0.000587
0.000520
0.000572
0.000558
0.000753
0.000691
0.001146
0.000604
0.000704
0.000680
0.000590
0.000724
0.001061
0.001241
0.000789
0.001391
0.000663
0.000742
0.001140
0.000565
0.001101
0.000787
0.000606
0.000588
0.000882
0.000766
0.001101
0.000790
0.001742
0.000597
0.000819
0.001043
0.000858
0.000741
0.002031
0.001107
0.001096
0.001647
0.000642
0.000600
0.000804
0.000617
0.000681
0.000753
0.000594
0.000682
0.000732
0.001573
0.000598
0.000779
0.000722
0.000734
0.000606
0.001715
0.000686
0.000607
0.000734
0.000636
0.001156
0.000596
0.000803
0.000666
0.000575
0.000906
0.000697
0.000668
0.001149
0.000568
0.001159
0.000714
0.000725
0.001105
0.000814
0.000650
0.000753
0.001034
0.000577
0.000603
0.001523
0.000553
0.000593
0.000799
0.001048
0.000736
0.000826
0.000869
0.000944
0.000581
0.000870
0.000591
0.000591
0.000854
0.000750
0.001037
0.000781
0.001803
0.000828
0.000697
0.001098
0.000723
0.000570
0.000735
0.000617
0.000579
0.000747
0.001087
0.000718
0.001115
0.001037
0.000588
0.000583
0.001810
0.000616
0.000586
0.000665
0.000552
0.000653
0.000819
0.001046
0.000855
0.000598
0.000809
0.001307
0.000602
0.001066
0.000860
0.001706
0.000738
0.001062
0.001083
0.000597
0.000784
0.000602
0.000603
0.000595
0.001474
0.000811
0.000588
0.001110
0.000822
0.000612
0.000754
0.001545
0.000567
0.001072
0.000890
0.001146
0.000807
0.000852
0.000558
0.000782
0.000785
0.000655
0.000685
0.000775
0.000655
0.001129
0.000786
0.000834
0.000662
0.001237
0.000933
0.000569
0.000796
0.001532
0.000615
0.000643
0.000756
0.000571
0.000573
0.001034
0.000779
0.000589
0.000801
0.000751
0.000807
0.000842
0.000748
0.000719
0.000605
0.000825
0.001562
0.000919
0.000575
0.000729
0.000711
0.000600
0.000803
0.000611
0.000931
0.000819
0.001149
0.000549
0.000600
0.000647
0.000923
0.000615
0.000788
0.000991
0.000625
0.000655
0.000668
0.000619
0.000559
0.001587
0.000605
0.001567
0.000823
0.000581
0.000782
0.001792
0.000659
0.000682
0.000626
0.000653
0.000539
0.000603
0.000722
0.000782
0.000598
0.000597
0.001549
0.000628
0.000584
0.000731
0.000584
0.000615
0.000751
0.000922
0.000626
0.000579
0.000751
0.000582
0.000570
0.000933
0.001086
0.000600
0.000651
0.001201
0.000582
0.001702
0.000656
0.002165
0.000577
0.000578
0.000938
0.000902
0.000746
0.000579
0.000560
0.000610
0.000575
0.000603
0.001038
0.000920
0.000779
0.000918
0.000941
0.000696
0.000581
0.001821
0.000667
0.000907
0.000911
0.000967
0.000781
0.000581
0.000597
0.001460
0.000639
0.000580
0.001512
0.000573
0.000620
0.001625
0.000657
0.000579
0.000817
0.000603
0.000728
0.000559
0.000596
0.000782
0.000942
0.000615
0.000790
0.000763
0.000935
0.000654
0.000615
0.000594
0.000605
0.001693
0.000862
0.000601
0.000754
0.000601
0.000892
0.000774
0.001062
0.000571
0.000590
0.001358
0.000574
0.001985
0.000584
0.000859
0.000583
0.002169
0.001056
0.000605
0.001035
0.001712
0.000602
0.000905
0.000826
0.000898
0.000602
0.000685
0.000872
0.000684
0.000804
0.000607
0.000577
0.000614
0.000887
0.000579
0.001280
0.000909
0.000597
0.000564
0.000780
0.000570
0.000595
0.000760
0.000697
0.000598
0.001536
0.000972
0.000576
0.000602
0.000785
0.000572
0.000668
0.000677
0.000904
0.000919
0.000771
0.000589
0.000573
0.000739
0.000581
0.001910
0.001729
0.000735
0.000559
0.000595
0.001773
0.000557
0.000585
0.000633
0.001267
0.000597
0.000588
0.000749
0.000546
0.000914
0.000581
0.000777
0.000631
0.000951
0.000624
0.000651
0.000680
0.000910
0.000620
0.000720
0.000673
0.000705
0.000626
0.000637
0.000932
0.000605
0.001472
0.000569
0.001867
0.000702
0.001379
0.000607
0.000675
0.001255
0.000581
0.000669
0.000573
0.000580
0.000714
0.000664
0.000942
0.000598
0.000869
0.001065
0.001396
0.000641
0.000756
0.000576
0.000584
0.000576
0.000892
0.000667
0.000682
0.000690
0.000990
0.000654
0.000560
0.000618
0.000600
0.000580
0.000614
0.000592
0.000789
0.001268
0.001578
0.000593
0.001252
0.000650
0.000600
0.000717
0.001004
0.000586
0.000932
0.000860
0.000577
0.000714
0.000620
0.000568
0.000815
0.001732
0.000632
0.001064
0.000611
0.000627
0.000755
0.001022
0.000623
0.001066
0.000790
0.000711
0.000735
0.000745
0.000865
0.000541
0.000608
0.000748
0.000792
0.000591
0.000846
0.000810
0.000985
0.000596
0.000883
0.001652
0.000720
0.000803
0.000787
0.000604
0.000609
0.000747
0.000611
0.001653
0.000670
0.000592
0.000601
0.000670
0.000891
0.000979
0.000702
0.000725
0.000563
0.000600
0.000565
0.000624
0.000603
0.001417
0.000883
0.000892
0.000670
0.001075
0.000617
0.000680
0.001109
0.000663
0.000631
0.000733
0.000580
0.000596
0.000878
0.000634
0.000564
0.000693
0.001769
0.001561
0.000556
0.001778
0.000579
0.000595
0.000674
0.000896
0.000913
0.000659
0.000711
0.000906
0.000804
0.000635
0.000589
0.000929
0.000679
0.001376
0.000739
0.000627
0.000588
0.000748
0.000604
0.000679
0.001241
0.000616
0.000662
0.001326
0.000863
0.000874
0.000754
0.000685
0.001526
0.001337
0.000545
0.000887
0.001072
0.000584
0.000691
0.000845
0.000900
0.000679
0.000616
0.000615
0.000619
0.000722
0.000762
0.000572
0.000689
0.000620
0.000601
0.000621
0.000852
0.000605
0.000653
0.000793
0.000563
0.000586
0.000620
