0.000602
0.000884
0.002087
0.000622
0.000721
0.000662
0.000615
0.000576
0.000552
0.001056
0.000562
0.000597
0.001022
0.000563
0.000577
0.002048
0.000550
0.001490
0.001025
0.000590
0.000591
0.000985
0.000576
0.000630
0.000607
0.001369
0.000573
0.001080
0.001761
0.000547
0.000543
0.000633
0.000605
0.001037
0.000548
0.001744
0.000567
0.001056
0.000555
0.000508
0.000559
0.000866
0.000989
0.000560
0.000754
0.000626
0.001021
0.000574
0.000586
0.000561
0.000555
0.000628
0.001036
0.000534
0.001476
0.001034
0.000564
0.001045
0.000608
0.000575
0.000577
0.002376
0.000552
0.000584
0.000593
0.000562
0.000579
0.000552
0.000664
0.000578
0.000560
0.000746
0.000644
0.000580
0.000746
0.000772
0.000573
0.000575
0.000572
0.000654
0.000581
0.000674
0.000583
0.000556
0.000727
0.000543
0.001027
0.000824
0.000775
0.000559
0.000563
0.000944
0.000817
0.000632
0.000794
0.000558
0.000998
0.000765
0.000557
0.000632
0.000563
0.001537
0.000563
0.000600
0.000579
0.001693
0.000701
0.000563
0.000556
0.000550
0.001761
0.000745
0.000958
0.000577
0.000591
0.000591
0.000577
0.000474
0.000745
0.000584
0.000581
0.000743
0.000762
0.000554
0.000739
0.000962
0.000679
0.000798
0.000980
0.000591
0.000978
0.001295
0.000560
0.000602
0.000562
0.000567
0.000563
0.001350
0.000774
0.000563
0.001041
0.001447
0.000677
0.000565
0.000593
0.000559
0.000579
0.000541
0.000616
0.000632
0.000816
0.000655
0.000584
0.001046
0.000717
0.000595
0.000565
0.000600
0.000881
0.001011
0.000552
0.000545
0.000585
0.000545
0.001514
0.000537
0.001614
0.000681
0.000989
0.000662
0.000567
0.000565
0.000653
0.000582
0.000587
0.000671
0.000560
0.000618
0.000646
0.000551
0.000892
0.000579
0.000582
0.000745
0.000629
0.000593
0.000760
0.001004
0.000598
0.000752
0.000824
0.000611
0.000764
0.000588
0.001042
0.000748
0.000698
0.000594
0.000559
0.001709
0.000640
0.000790
0.000943
0.000560
0.000596
0.000549
0.000565
0.000663
0.000825
0.000587
0.000560
0.000787
0.001686
0.000607
0.000558
0.000749
0.000570
0.000578
0.000570
0.000858
0.000565
0.000565
0.000746
0.000655
0.000712
0.000574
0.001689
0.000577
0.000605
0.000554
0.000627
0.000680
0.000600
0.000561
0.000595
0.000719
0.000629
0.001335
0.000554
0.002578
0.000660
0.000720
0.000986
0.000567
0.001558
0.000584
0.000592
0.000585
0.001036
0.001453
0.000677
0.000606
0.001418
0.000553
0.000589
0.000608
0.000647
0.000567
0.000562
0.001267
0.000642
0.000557
0.000572
0.000557
0.000688
0.000663
0.000544
0.000591
0.000787
0.000959
0.000519
0.000521
0.000644
0.000655
0.001295
0.000677
0.000586
0.000513
0.000869
0.000586
0.000660
0.001315
0.000559
0.000645
0.002208
0.000572
0.001039
0.000999
0.001000
0.000544
0.000992
0.000573
0.000586
0.000809
0.000970
0.000563
0.000961
0.001055
0.001071
0.000676
0.000868
0.001659
0.000575
0.002417
0.000557
0.000570
0.000583
0.000551
0.000599
0.000551
0.000935
0.001051
0.000579
0.000721
0.000565
0.001532
0.000553
0.001682
0.000557
0.001041
0.001056
0.000577
0.000601
0.000974
0.000555
0.000572
0.000565
0.001617
0.000552
0.000662
0.000598
0.000547
0.000591
0.000571
0.000539
0.000986
0.000568
0.000611
0.000576
0.000767
0.000550
0.000900
0.000894
0.000572
0.001523
0.000584
0.000632
0.000553
0.001001
0.000574
0.000555
0.000923
0.000575
0.000584
0.000738
0.000573
0.000559
0.000922
0.000968
0.000520
0.000576
0.000639
0.000535
0.000560
0.000634
0.000550
0.000547
0.001058
0.001019
0.000560
0.000995
0.000556
0.000599
0.000610
0.000565
0.000553
0.002627
0.000515
0.000580
0.001577
0.000577
0.000562
0.002032
0.000563
0.000565
0.002311
0.000561
0.000554
0.000995
0.001082
0.000622
0.000720
0.000605
0.000597
0.000583
0.000547
0.000552
0.000592
0.000805
0.000553
0.000795
0.001698
0.001053
0.000552
0.001472
0.001197
0.001696
0.000713
0.002259
0.000585
0.000743
0.001286
0.000540
0.001037
0.000558
0.000566
0.000564
0.001097
0.000550
0.000688
0.000670
0.000544
0.000545
0.000570
0.000563
0.000552
0.000592
0.001462
0.000649
0.000566
0.000479
0.000654
0.000594
0.000511
0.000804
0.000568
0.000736
0.000572
0.000536
0.001069
0.000548
0.000530
0.000507
0.000555
0.000583
0.001036
0.000837
0.000582
0.001622
0.001710
0.000689
0.000576
0.000670
0.000526
0.000563
0.000805
0.001765
0.000549
0.000591
0.000716
0.000970
0.000566
0.000684
0.000713
0.000572
0.000583
0.000594
0.000561
0.000845
0.000886
0.001824
0.000861
0.000832
0.000585
0.001038
0.000601
0.000569
0.000561
0.000751
0.000649
0.000566
0.000745
0.000596
0.001063
0.000722
0.001047
0.000542
0.000591
0.001265
0.000597
0.000557
0.000664
0.002095
0.000568
0.000892
0.000976
0.000556
0.000799
0.000563
0.000546
0.000734
0.000568
0.000573
0.000658
0.001007
0.000792
0.000735
0.001152
0.000550
0.000843
0.001433
0.000575
0.001033
0.000532
0.001046
0.000526
0.001725
0.000607
0.000574
0.000729
0.001042
0.000559
0.000890
0.001221
0.000559
0.000570
0.000838
0.000576
0.000797
0.001142
0.000571
0.000729
0.000570
0.000586
0.000747
0.000595
0.001179
0.000556
0.001722
0.001053
0.000546
0.001022
0.000565
0.001035
0.000558
0.000582
0.000578
0.000789
0.000756
0.000606
0.000559
0.001467
0.001342
0.000770
0.000554
0.001738
0.000568
0.000552
0.001147
0.001073
0.000551
0.000706
0.000554
0.000700
0.000573
0.001531
0.000542
0.000682
0.000692
0.001061
0.000796
0.000762
0.000757
0.000569
0.000734
0.000534
0.000563
0.000592
0.001610
0.000604
0.000641
0.000732
0.001766
0.000609
0.000619
0.000595
0.000582
0.000650
0.000763
0.000667
0.000573
0.001201
0.000535
0.000568
0.000549
0.001440
0.000495
0.000782
0.001510
0.001001
0.001036
0.000594
0.000531
0.000584
0.000637
0.000566
0.000562
0.000562
0.001686
0.000530
0.000730
0.001006
0.000607
0.000553
0.001319
0.000591
0.000553
0.000764
0.000633
0.000578
0.000496
0.000936
0.000547
0.000582
0.000679
0.001056
0.000553
0.002403
0.000561
0.000562
0.000987
0.000559
0.001028
0.000550
0.001666
0.000663
0.000570
0.001255
0.000979
0.000559
0.000681
0.000982
0.000552
0.001473
0.000577
0.000675
0.000997
0.000582
0.000602
0.000662
0.001009
0.000546
0.000939
0.000895
0.000598
0.000741
0.001052
0.000555
0.000733
0.000935
0.000615
0.000747
0.000582
0.000568
0.000973
0.000573
0.000544
0.000700
0.000623
0.000547
0.000970
0.000660
0.000720
0.000713
0.000640
0.000993
0.000998
0.001107
0.000525
0.000735
0.000710
0.000706
0.000701
0.000662
0.001583
0.000569
0.000650
0.002296
0.000601
0.000579
0.000748
0.000855
0.000695
0.000590
0.001060
0.000727
0.000671
0.000625
0.000560
0.000607
0.000640
0.000579
0.000445
0.000593
0.000539
0.000561
0.000829
0.000669
0.000562
0.000594
0.000566
0.000564
0.000587
0.000551
0.000593
0.000611
0.000793
0.000579
0.000825
0.000591
0.000557
0.000520
0.000566
0.001284
0.000594
0.000599
0.001553
0.000557
0.000559
0.000543
0.001416
0.000593
0.000568
0.000479
0.000831
0.000544
0.002090
0.000558
0.000612
0.000607
0.000575
0.000577
0.001479
0.000557
0.000577
0.000596
0.000558
0.000579
0.001238
0.000563
0.000569
0.000580
0.000937
0.000576
0.000581
0.000841
0.000559
0.001771
0.000834
0.000544
0.001546
0.000564
0.000566
0.000662
0.000721
0.000914
0.000588
0.000526
0.000579
0.000736
0.000569
0.000718
0.000556
0.001046
0.000560
0.000581
0.000600
0.000613
0.000601
0.000557
0.000966
0.000533
0.000551
0.001357
0.000559
0.001310
0.001238
0.000553
0.000599
0.000798
0.000564
0.000704
0.000586
0.001307
0.000565
0.001029
0.000856
0.000698
0.000684
0.000916
0.001064
0.000789
0.001249
0.000561
0.000588
0.001244
0.000554
0.000576
0.001696
0.000569
0.001061
0.000746
0.000623
0.000562
0.000561
0.002395
0.000601
0.000673
0.000618
0.001005
0.000584
0.002415
0.000563
0.000581
0.002413
0.000737
0.000560
0.001025
0.000564
0.000567
0.000528
0.000573
0.000576
0.001506
0.000742
0.000656
0.001068
0.000746
0.001123
0.000590
0.000869
0.000641
0.000564
0.001260
0.001152
0.000569
0.000807
0.000642
0.001055
0.000825
0.002335
0.000563
0.000673
0.000809
0.000601
0.000738
0.000563
0.000551
0.000560
0.001482
0.001019
0.001037
0.000549
0.000774
0.000788
0.000585
0.001030
0.000562
0.000555
0.000569
0.000583
0.000593
0.000601
0.001294
0.000588
0.000551
0.000923
0.000575
0.000526
0.000593
0.000967
0.000553
0.001003
0.000549
0.001058
0.000579
0.000896
0.000652
0.000640
0.001015
0.000741
0.000619
0.001333
0.000549
0.000498
0.000575
0.000588
0.000555
0.000849
0.001324
0.000588
0.000608
0.000771
0.001027
0.001050
0.000571
0.000835
0.000562
0.000539
0.000536
0.000541
0.000548
0.000723
0.000598
0.001049
0.000828
0.001061
0.000560
0.001506
0.000591
0.000552
0.000567
0.001702
0.000556
0.001047
0.000727
0.000567
0.000546
0.000638
0.000970
0.000578
0.001233
0.001531
0.000589
0.000770
0.000576
0.000538
0.000538
0.000852
0.000535
0.000582
0.000766
0.000552
0.000572
0.000620
0.000578
0.000577
0.001692
0.000724
0.000565
0.000733
0.000940
0.000556
0.000809
0.001155
0.000588
0.000782
0.000568
0.000596
0.000554
0.000960
0.000555
0.000591
0.000573
0.000559
0.000553
0.000813
0.000652
0.000549
0.000556
0.001040
0.000620
0.000554
0.000959
0.000547
0.000565
0.000626
0.000713
0.000600
0.000574
0.001215
0.000774
0.000746
0.000791
0.000998
0.000577
0.000738
0.000634
0.000992
0.000556
0.001592
0.000557
0.001053
0.000700
0.000641
0.000576
0.000550
0.000964
0.000592
0.000547
