0.000743
0.000753
0.000687
0.001382
0.000580
0.000540
0.000759
0.001001
0.000725
0.000737
0.001476
0.000550
0.000851
0.000561
0.000606
0.000571
0.000730
0.000711
0.000526
0.000747
0.001643
0.000604
0.000837
0.001349
0.000545
0.000761
0.000704
0.000562
0.001013
0.000984
0.001075
0.000779
0.001398
0.000547
0.000554
0.000710
0.001104
0.000580
0.000794
0.000586
0.000587
0.000794
0.000907
0.000586
0.000713
0.000553
0.000563
0.000739
0.001011
0.000595
0.000591
0.000729
0.000604
0.000573
0.001017
0.000784
0.000577
0.000544
0.000740
0.000586
0.000550
0.000966
0.000563
0.001064
0.000763
0.001012
0.000573
0.000761
0.000902
0.000560
0.000537
0.000667
0.000714
0.000557
0.001763
0.000562
0.000883
0.000784
0.001021
0.000559
0.001003
0.000758
0.000556
0.000590
0.000730
0.000547
0.000544
0.000765
0.001426
0.000563
0.000589
0.000913
0.000583
0.000595
0.000733
0.001038
0.000669
0.000702
0.000914
0.000743
0.000601
0.001091
0.001227
0.000546
0.000751
0.000800
0.000818
0.000752
0.000781
0.000588
0.000753
0.000781
0.000550
0.000734
0.001760
0.000560
0.000588
0.001084
0.001150
0.001059
0.001033
0.000531
0.000633
0.000751
0.001009
0.000556
0.000776
0.001022
0.000543
0.000530
0.000722
0.000580
0.000629
0.000670
0.000596
0.000571
0.000711
0.001357
0.000542
0.000798
0.000652
0.000565
0.000755
0.000867
0.000541
0.000807
0.001016
0.000564
0.000750
0.000808
0.001064
0.000743
0.000788
0.000548
0.000767
0.001258
0.000564
0.000568
0.001009
0.000536
0.000529
0.001008
0.001069
0.000545
0.000767
0.001014
0.000583
0.000782
0.001770
0.000648
0.000754
0.001604
0.000718
0.000591
0.000806
0.000952
0.000853
0.001038
0.000552
0.001065
0.000946
0.000885
0.001529
0.001058
0.000761
0.000985
0.000567
0.000658
0.000729
0.000549
0.000990
0.000990
0.000560
0.001066
0.000573
0.000580
0.000759
0.000704
0.001662
0.000755
0.000721
0.001647
0.000565
0.000795
0.001856
0.000598
0.000805
0.000568
0.000705
0.000740
0.001009
0.000932
0.000748
0.001027
0.000595
0.001621
0.000682
0.000566
0.000572
0.000723
0.000591
0.000624
0.001084
0.000694
0.001029
0.000715
0.000718
0.001692
0.000750
0.000602
0.001072
0.000906
0.000588
0.000790
0.001254
0.000688
0.000579
0.001334
0.000556
0.000774
0.000754
0.001282
0.000577
0.000583
0.000768
0.000980
0.000577
0.000596
0.001743
0.000575
0.001091
0.000714
0.000754
0.000560
0.001594
0.001305
0.000607
0.000727
0.000527
0.000566
0.000763
0.000936
0.000531
0.000596
0.001426
0.000526
0.000570
0.000739
0.001001
0.001653
0.000772
0.000736
0.000563
0.001081
0.000595
0.000529
0.000528
0.000811
0.001075
0.000571
0.001131
0.000992
0.000550
0.000760
0.000544
0.000582
0.000745
0.001018
0.000593
0.000638
0.000899
0.001073
0.000556
0.000834
0.000562
0.000529
0.000583
0.000607
0.000705
0.000768
0.000998
0.000556
0.000722
0.000676
0.001054
0.000559
0.000803
0.000897
0.001858
0.000670
0.001043
0.000586
0.000592
0.001013
0.000578
0.000575
0.000566
0.000778
0.000544
0.000555
0.001758
0.000631
0.000605
0.000766
0.001408
0.000560
0.000587
0.000779
0.000604
0.000587
0.001778
0.000592
0.000572
0.000891
0.001201
0.000774
0.000554
0.000554
0.000746
0.001009
0.000563
0.000586
0.000731
0.000542
0.000547
0.000689
0.000877
0.000896
0.000566
0.000676
0.000567
0.000596
0.000755
0.000917
0.000609
0.000590
0.000843
0.001060
0.000795
0.001003
0.000552
0.000799
0.001018
0.000551
0.000609
0.001062
0.001209
0.000556
0.000764
0.000893
0.000578
0.000763
0.001621
0.000599
0.000607
0.000683
0.000979
0.000584
0.000657
0.000853
0.000572
0.001057
0.000704
0.000667
0.000589
0.000744
0.001674
0.000581
0.000585
0.000759
0.000604
0.000581
0.001680
0.000604
0.001062
0.001528
0.000572
0.000735
0.000630
0.000558
0.001003
0.000737
0.000579
0.000615
0.000981
0.000591
0.000715
0.000628
0.001026
0.000784
0.000701
0.000754
0.000651
0.000847
0.000735
0.000726
0.000679
0.001402
0.000563
0.001669
0.000772
0.000554
0.000560
0.001069
0.000847
0.001047
0.000585
0.000806
0.001067
0.001082
0.000575
0.000747
0.000848
0.000608
0.000728
0.001001
0.000566
0.000695
0.000693
0.000595
0.001100
0.000834
0.000523
0.000588
0.000714
0.000811
0.001033
0.001054
0.001011
0.000556
0.000575
0.001423
0.000551
0.000780
0.001000
0.000600
0.000776
0.001637
0.000552
0.000554
0.001507
0.000915
0.000573
0.000998
0.000711
0.000731
0.000861
0.000643
0.000972
0.000743
0.000767
0.001262
0.000595
0.000769
0.000937
0.001050
0.000620
0.000727
0.001105
0.000596
0.001770
0.000556
0.001061
0.000748
0.000981
0.000869
0.000540
0.000847
0.000990
0.000542
0.000712
0.001255
0.000548
0.000570
0.001422
0.000561
0.000547
0.000578
0.001640
0.000573
0.000526
0.000746
0.000772
0.000734
0.000739
0.000770
0.000682
0.001057
0.000742
0.001561
0.000559
0.001048
0.000606
0.000750
0.000576
0.001078
0.001074
0.000535
0.000758
0.001642
0.000573
0.000657
0.001003
0.000578
0.000966
0.000902
0.001071
0.001454
0.000711
0.001529
0.000542
0.000685
0.001029
0.000696
0.000740
0.001943
0.000556
0.000592
0.000904
0.000562
0.000767
0.000559
0.000880
0.000590
0.000790
0.001575
0.001279
0.000788
0.001625
0.000746
0.000773
0.000799
0.001613
0.000559
0.000735
0.000596
0.000617
0.000588
0.001400
0.000566
0.000564
0.000746
0.000818
0.000833
0.000675
0.001398
0.001506
0.001053
0.000714
0.000615
0.001479
0.000920
0.000582
0.001641
0.000720
0.000738
0.000589
0.000744
0.000740
0.000583
0.000767
0.001663
0.000745
0.000744
0.001553
0.000578
0.000910
0.001074
0.000558
0.000530
0.001643
0.000570
0.001731
0.001063
0.002277
0.000546
0.001018
0.000543
0.000548
0.000739
0.001486
0.000580
0.000785
0.001392
0.000746
0.001046
0.001093
0.000552
0.001052
0.000768
0.001373
0.000570
0.000558
0.000702
0.000653
0.000739
0.001115
0.000558
0.001064
0.000954
0.000582
0.000748
0.000834
0.000836
0.000527
0.000678
0.001020
0.000583
0.000789
0.000537
0.000586
0.001070
0.002075
0.001488
0.001060
0.000772
0.001605
0.000978
0.001300
0.000601
0.000585
0.000702
0.000591
0.000692
0.000950
0.000661
0.000687
0.001291
0.001637
0.000827
0.000726
0.000769
0.000698
0.000579
0.001067
0.000775
0.001014
0.001284
0.000587
0.001081
0.001088
0.000592
0.000761
0.001020
0.000557
0.000556
0.001745
0.000654
0.000825
0.000592
0.001003
0.000779
0.000762
0.001683
0.000555
0.000612
0.000734
0.001032
0.000541
0.000724
0.000961
0.000756
0.000752
0.001018
0.001044
0.000782
0.000940
0.000577
0.000561
0.000784
0.000909
0.001904
0.000681
0.001383
0.000548
0.000758
0.001502
0.000735
0.000599
0.001064
0.000559
0.000560
0.000733
0.001028
0.000559
0.001051
0.000915
0.000596
0.000638
0.000748
0.000990
0.001639
0.000827
0.000817
0.000564
0.000551
0.000827
0.000584
0.000704
0.000916
0.000568
0.000789
0.000802
0.000897
0.000560
0.001018
0.000708
0.000568
0.001686
0.000965
0.000949
0.000620
0.000877
0.001016
0.000602
0.000962
0.001049
0.000561
0.000771
0.001675
0.001092
0.000576
0.000655
0.001397
0.000599
0.000582
0.001674
0.001532
0.000796
0.000752
0.000629
0.000581
0.000760
0.001009
0.001171
0.000535
0.000740
0.001031
0.000839
0.000779
0.000992
0.000726
0.000548
0.000711
0.000637
0.000558
0.000698
0.001032
0.001044
0.000592
0.000552
0.000610
0.000551
0.000709
0.000542
0.000565
0.001191
0.000762
0.000600
0.000802
0.001276
0.000918
0.001047
0.000784
0.001052
0.000550
0.000702
0.001382
0.000564
0.000549
0.000590
0.001036
0.001102
0.000555
0.000639
0.000787
0.000698
0.001004
0.001094
0.001667
0.000670
0.001335
0.000593
0.000696
0.000575
0.000807
0.000754
0.000595
0.000576
0.000583
0.001052
0.001194
0.000653
0.001047
0.000691
0.000653
0.000783
0.001688
0.001650
0.000790
0.000737
0.000562
0.000562
0.000587
0.000598
0.001006
0.000788
0.001476
0.000649
0.001085
0.000594
0.000616
0.000771
0.001065
0.000568
0.001100
0.000612
0.000559
0.000705
0.001601
0.000554
0.000633
0.002211
0.000725
0.000593
0.000690
0.000861
0.000615
0.001520
0.001269
0.000609
0.001090
0.001195
0.001617
0.000782
0.000721
0.000573
0.000589
0.000685
0.001062
0.000547
0.001769
0.000574
0.000725
0.000566
0.002085
0.000566
0.000645
0.001016
0.001045
0.000789
0.001034
0.000576
0.000989
0.000702
0.000769
0.000563
0.001060
0.001514
0.000592
0.000781
0.000990
0.000554
0.000756
0.000685
0.000573
0.000568
0.000684
0.000626
0.000572
0.000782
0.001627
0.001064
0.000760
0.001655
0.000549
0.000772
0.000743
0.001045
0.000657
0.000787
0.000833
0.000547
0.000572
0.000702
0.001474
0.000864
0.001699
0.000567
0.000766
0.000984
0.000622
0.000614
0.000902
0.000590
0.000575
0.000737
0.001416
0.000580
0.001036
0.000692
0.000718
0.000540
0.000718
0.000787
0.000547
0.000557
0.000812
0.000989
0.000567
0.000785
0.000549
0.001790
0.000560
0.000706
0.001018
0.000568
0.001692
0.001030
0.000577
0.000565
0.001070
0.001109
0.000567
0.000754
0.000976
0.000554
0.000558
0.000655
0.000983
0.000569
0.000599
0.001252
0.000578
0.000560
0.000766
0.000877
0.000639
0.000579
0.001039
0.000663
0.001096
0.000947
0.000548
0.001067
0.000764
0.001804
0.000563
0.001629
0.000930
0.001897
0.000563
0.000744
0.001149
0.000569
0.001071
0.001034
0.000579
0.000670
0.000565
0.000550
0.000753
0.001007
0.001324
0.001064
0.001059
0.002312
0.000554
0.001061
0.000819
0.000597
0.000740
0.001677
0.000581
0.000581
0.000698
0.000907
0.000588
0.001380
0.000585
