0.000387
0.001475
0.000647
0.000396
0.000549
0.000685
0.000677
0.000527
0.000560
0.000511
0.000467
0.000448
0.000531
0.000440
0.000660
0.000588
0.000532
0.000662
0.000574
0.000514
0.000602
0.001718
0.000436
0.000395
0.000480
0.000540
0.000503
0.001137
0.000626
0.000482
0.002302
0.000426
0.000482
0.001644
0.000538
0.000665
0.000756
0.000556
0.000617
0.001566
0.000558
0.000505
0.000511
0.000651
0.000420
0.000620
0.000731
0.000625
0.000608
0.000719
0.000484
0.000434
0.001499
0.000414
0.000521
0.000945
0.000486
0.000458
0.000492
0.000470
0.000504
0.000505
0.000608
0.000460
0.000628
0.000850
0.000414
0.000906
0.000461
0.000475
0.001601
0.000871
0.000642
0.000626
0.000455
0.000431
0.000426
0.001269
0.000454
0.000410
0.000426
0.000474
0.000448
0.001276
0.000399
0.000569
0.000498
0.000635
0.000471
0.000820
0.000446
0.000450
0.000838
0.000417
0.000470
0.000734
0.000455
0.000409
0.001523
0.000479
0.000417
0.001227
0.000431
0.000418
0.000726
0.000697
0.000503
0.000491
0.000432
0.000385
0.000567
0.001028
0.000404
0.000478
0.000464
0.000478
0.000435
0.000721
0.000442
0.000737
0.000455
0.000456
0.001093
0.000990
0.000639
0.000463
0.001650
0.000465
0.000676
0.000949
0.000641
0.000434
0.000953
0.000454
0.000455
0.001908
0.000411
0.000480
0.001305
0.000393
0.000458
0.000878
0.000447
0.000446
0.002437
0.000468
0.000443
0.000382
0.000491
0.000459
0.001064
0.000429
0.000668
0.000727
0.000479
0.000474
0.000547
0.000701
0.000613
0.000659
0.000526
0.000415
0.000407
0.000551
0.000606
0.000500
0.001007
0.000378
0.000421
0.000576
0.000409
0.000434
0.000486
0.001631
0.000487
0.000632
0.000424
0.000489
0.000645
0.000576
0.000502
0.000460
0.000496
0.000419
0.000403
0.000425
0.001423
0.000395
0.000620
0.000438
0.000610
0.000391
0.000875
0.000448
0.000519
0.000403
0.000461
0.000486
0.000731
0.000619
0.000429
0.001517
0.000439
0.000444
0.000491
0.000458
0.000664
0.000418
0.000437
0.000410
0.000844
0.000469
0.000476
0.001364
0.000470
0.000425
0.000661
0.000671
0.000381
0.002237
0.000501
0.000443
0.001861
0.000585
0.000494
0.000850
0.000435
0.000408
0.000466
0.000606
0.000482
0.000650
0.000615
0.000474
0.000798
0.000820
0.000469
0.000484
0.000714
0.000391
0.000408
0.000764
0.000402
0.000501
0.000584
0.000675
0.000587
0.000516
0.000415
0.000420
0.000416
0.000898
0.000496
0.000459
0.000633
0.000396
0.000645
0.000736
0.000590
0.000460
0.000413
0.000426
0.000467
0.000424
0.000883
0.000457
0.000431
0.001420
0.000498
0.000581
0.000628
0.000461
0.000439
0.001640
0.000418
0.000410
0.001566
0.000508
0.000451
0.000838
0.000730
0.000434
0.000503
0.000371
0.000845
0.000447
0.000679
0.000707
0.000465
0.000419
0.000399
0.000410
0.000497
0.000434
0.000437
0.000460
0.000914
0.000428
0.000511
0.000413
0.000445
0.000643
0.000895
0.000454
0.000438
0.001516
0.000627
0.000388
0.000567
0.000547
0.000410
0.000475
0.000749
0.000449
0.000758
0.000440
0.000413
0.000494
0.000647
0.000405
0.000474
0.001628
0.000364
0.000423
0.000585
0.000515
0.000485
0.000872
0.000441
0.000411
0.000939
0.000486
0.000491
0.000913
0.000405
0.000410
0.000548
0.000679
0.000434
0.000446
0.002103
0.000499
0.000452
0.001903
0.000455
0.000416
0.000490
0.000644
0.000422
0.000528
0.000732
0.000762
0.000459
0.000556
0.000610
0.000404
0.000934
0.000564
0.000572
0.000489
0.000681
0.000618
0.000491
0.000642
0.000525
0.000461
0.001219
0.000540
0.000643
0.000492
0.000431
0.000482
0.000557
0.000647
0.000396
0.000488
0.000468
0.000666
0.000478
0.000526
0.000394
0.000503
0.000486
0.000410
0.000504
0.000426
0.000431
0.000423
0.000639
0.000425
0.000491
0.000477
0.000642
0.000492
0.000609
0.000416
0.000488
0.000487
0.000424
0.000500
0.000633
0.000444
0.000557
0.000441
0.000458
0.000525
0.000435
0.000902
0.000741
0.000717
0.000448
0.000416
0.000927
0.000395
0.000379
0.001134
0.000418
0.000495
0.000959
0.000463
0.000484
0.000650
0.000503
0.000687
0.000405
0.000474
0.000436
0.000692
0.000450
0.001571
0.000683
0.000479
0.000407
0.000704
0.000422
0.000449
0.000850
0.000530
0.000433
0.000790
0.000452
0.000431
0.001955
0.000611
0.000441
0.001132
0.000485
0.000465
0.000537
0.000465
0.000508
0.000535
0.000916
0.000515
0.000734
0.000617
0.000433
0.001216
0.000462
0.000552
0.000478
0.000400
0.000374
0.001003
0.000513
0.000449
0.001262
0.000463
0.000499
0.000817
0.000529
0.001331
0.000410
0.000407
0.001329
0.000419
0.000871
0.001910
0.000501
0.000767
0.000414
0.000556
0.000525
0.001309
0.000827
0.000413
0.000566
0.000453
0.000552
0.000993
0.000455
0.000502
0.000469
0.000550
0.000484
0.001037
0.000275
0.001026
0.000744
0.000523
0.000376
0.001327
0.000612
0.000414
0.000643
0.000434
0.000688
0.000381
0.000872
0.000537
0.000413
0.000492
0.000734
0.000408
0.000471
0.000416
0.000424
0.000479
0.002328
0.000386
0.000403
0.000740
0.000744
0.000634
0.000503
0.000459
0.000440
0.000443
0.001193
0.000640
0.000446
0.000521
0.000461
0.000701
0.000473
0.000631
0.000449
0.000481
0.000496
0.000648
0.000441
0.000495
0.000935
0.000498
0.000488
0.000636
0.000408
0.000699
0.001109
0.000584
0.000813
0.001000
0.000750
0.000528
0.001735
0.000536
0.000607
0.000766
0.000918
0.000442
0.000497
0.000665
0.000447
0.000524
0.000941
0.000700
0.000420
0.000660
0.000848
0.000505
0.000579
0.000289
0.000389
0.000194
0.000364
0.000433
0.000244
0.000582
0.000622
0.000526
0.000479
0.000706
0.000404
0.000515
0.000823
0.000496
0.000608
0.000450
0.000732
0.000710
0.000529
0.000433
0.000709
0.000648
0.000223
0.000219
0.000523
0.000206
0.000230
0.000217
0.000217
0.000219
0.000500
0.000243
0.000226
0.000217
0.000223
0.000534
0.000200
0.000220
0.000216
0.000217
0.000219
0.000197
0.000219
0.000164
0.000542
0.000141
0.000174
0.000198
0.000655
0.000523
0.000461
0.000933
0.000633
0.000569
0.002398
0.000425
0.000453
0.000697
0.000528
0.000158
0.000686
0.000479
0.000456
0.000544
0.000852
0.000520
0.000482
0.000490
0.000418
0.000394
0.000684
0.000644
0.000761
0.000543
0.001135
0.001122
0.000848
0.000606
0.000797
0.000607
0.000893
0.000730
0.000413
0.000615
0.000512
0.000660
0.000470
0.000470
0.000492
0.000678
0.000473
0.000590
0.000595
0.000191
0.000431
0.000239
0.000207
0.000355
0.000793
0.000448
0.000409
0.000351
0.000430
0.000762
0.000443
0.000804
0.000466
0.000511
0.000557
0.000545
0.000542
0.000560
0.000907
0.000454
0.000607
0.001056
0.000417
0.001312
0.000434
0.000856
0.000597
0.000584
0.000413
0.001184
0.000672
0.000419
0.001197
0.000494
0.000461
0.000598
0.001056
0.000406
0.000641
0.000415
0.000649
0.000457
0.000473
0.000423
0.000574
0.000610
0.000494
0.000791
0.000671
0.000433
0.000419
0.000383
0.000546
0.000455
0.000586
0.001350
0.000753
0.000541
0.000802
0.000543
0.000451
0.000406
0.001735
0.000428
0.000457
0.000175
0.000689
0.000384
0.000216
0.001107
0.000275
0.000408
0.000228
0.000453
0.000387
0.000416
0.001328
0.000430
0.000462
0.000807
0.000466
0.000379
0.000735
0.000433
0.000509
0.000443
0.000673
0.000422
0.000547
0.000692
0.000436
0.000471
0.001305
0.000918
0.000464
0.000728
0.000802
0.000497
0.000348
0.000712
0.000835
0.000182
0.000182
0.000632
0.000537
0.000444
0.000885
0.000410
0.001016
0.001145
0.000410
0.000630
0.000573
0.000405
0.000439
0.000366
0.001106
0.000785
0.000536
0.000431
0.000624
0.000439
0.000744
0.000646
0.000483
0.000154
0.000172
0.000319
0.000412
0.000477
0.000403
0.000513
0.000519
0.000655
0.000420
0.000846
0.000972
0.000539
0.000460
0.001470
0.000409
0.000468
0.000755
0.000438
0.000440
0.000576
0.000457
0.000446
0.000561
0.000485
0.000432
0.001007
0.000450
0.000614
0.000527
0.000414
0.000414
0.000551
0.000423
0.000519
0.001082
0.000520
0.000441
0.000465
0.000757
0.000713
0.000771
0.000462
0.000492
0.000602
0.000629
0.000410
0.000815
0.000490
0.000857
0.000482
0.000496
0.000520
0.000446
0.000449
0.000548
0.000477
0.000460
0.001496
0.000406
0.000535
0.001049
0.000464
0.000485
0.000920
0.000593
0.000712
0.000488
0.001308
0.000415
0.000830
0.000830
0.000674
0.000458
0.001228
0.000492
0.000565
0.000452
0.000636
0.000477
0.001679
0.000438
0.000529
0.001114
0.000449
0.000437
0.000583
0.000642
0.000433
0.001324
0.000493
0.000530
0.000647
0.000614
0.000447
0.000770
0.000425
0.001541
0.000456
0.000638
0.000495
0.000728
0.000402
0.000543
0.000876
0.000469
0.000463
0.001722
0.000394
0.000392
0.000387
0.000376
0.000414
0.000404
0.000468
0.000424
0.000612
0.000648
0.000508
0.000458
0.000625
0.000697
0.000412
0.000422
0.000493
0.000455
0.000665
0.000477
0.000873
0.000394
0.000393
0.001218
0.000473
0.000563
0.000639
0.000436
0.000426
0.000922
0.000653
0.000439
0.000877
0.000652
0.000427
0.000940
0.000440
0.000437
0.000488
0.000536
0.000667
0.000397
0.001894
0.000453
0.001616
0.000445
0.000451
0.000614
0.000932
0.000664
0.000675
0.000961
0.000680
0.000400
0.000926
0.000446
0.000423
0.001615
0.000443
0.000564
0.001190
0.000440
0.000414
0.000949
0.000697
0.000446
0.000494
0.000371
0.000427
0.000476
0.000635
0.000614
0.000436
0.000433
0.000434
0.000420
0.000865
0.000403
0.001237
0.000487
0.000997
0.000450
0.000643
0.000632
0.000434
0.000473
0.001378
0.000655
0.000474
0.000988
0.000477
0.000428
0.001432
0.000370
0.000489
0.000540
0.000561
0.000612
0.000670
0.000724
0.000459
