0.000572
0.000555
0.001139
0.000639
0.000434
0.000528
0.000965
0.000554
0.000565
0.000877
0.000557
0.000517
0.000868
0.000735
0.000532
0.000544
0.000619
0.000530
0.000599
0.000538
0.001403
0.000609
0.001016
0.000529
0.001349
0.000535
0.000546
0.000747
0.000558
0.000548
0.001928
0.000607
0.000374
0.001341
0.000530
0.000678
0.000972
0.000800
0.000982
0.000529
0.001564
0.000535
0.000695
0.001201
0.001834
0.000525
0.000509
0.000521
0.000563
0.000570
0.000299
0.000570
0.002399
0.000559
0.000550
0.000722
0.000585
0.000547
0.000952
0.000572
0.000538
0.000537
0.000873
0.000196
0.000544
0.000627
0.000597
0.000534
0.000977
0.001000
0.000556
0.000716
0.001181
0.000586
0.001206
0.001040
0.000557
0.000528
0.001320
0.000579
0.000528
0.000714
0.000532
0.000557
0.000565
0.000537
0.000572
0.000563
0.000940
0.000533
0.000528
0.001426
0.000561
0.000538
0.000554
0.000568
0.000526
0.001003
0.000466
0.001413
0.001406
0.000565
0.000940
0.000548
0.000541
0.000723
0.001002
0.000534
0.000593
0.000557
0.000555
0.000601
0.001359
0.000554
0.000617
0.001274
0.000522
0.000543
0.001756
0.000557
0.000990
0.000720
0.000907
0.000554
0.000963
0.000624
0.000538
0.001041
0.000536
0.000526
0.000938
0.000602
0.000545
0.001391
0.000527
0.000533
0.000521
0.000801
0.000565
0.000546
0.001669
0.000522
0.000544
0.000459
0.000681
0.000568
0.000718
0.000889
0.000551
0.000771
0.000934
0.000584
0.000534
0.001709
0.000545
0.000569
0.001373
0.000537
0.000563
0.000544
0.001617
0.000560
0.000535
0.001337
0.000841
0.000525
0.000970
0.000514
0.000541
0.000841
0.000929
0.000507
0.001321
0.000532
0.000541
0.000538
0.001708
0.001539
0.000530
0.001430
0.000529
0.000503
0.001411
0.000560
0.000534
0.000541
0.001015
0.000534
0.000556
0.000801
0.000515
0.000626
0.000741
0.000914
0.000568
0.000736
0.001122
0.000705
0.001101
0.000536
0.000516
0.001648
0.000515
0.000541
0.000531
0.000609
0.000547
0.002373
0.000524
0.000546
0.000677
0.000615
0.000488
0.000547
0.001256
0.000523
0.000531
0.000632
0.000543
0.000548
0.000695
0.000588
0.000537
0.000604
0.000527
0.000560
0.000544
0.000601
0.000687
0.000567
0.000538
0.000545
0.000569
0.000709
0.000936
0.000547
0.001249
0.000711
0.000563
0.000523
0.000498
0.000961
0.000996
0.000528
0.000907
0.000527
0.000559
0.000780
0.000540
0.000564
0.000885
0.000528
0.001002
0.001719
0.000529
0.000563
0.000720
0.000576
0.000625
0.000735
0.000925
0.000526
0.001005
0.000538
0.000796
0.000575
0.000926
0.000576
0.001433
0.000538
0.000541
0.001000
0.001252
0.000529
0.000557
0.001042
0.000622
0.000746
0.001286
0.000576
0.000478
0.000715
0.000550
0.000609
0.000542
0.001568
0.000548
0.000628
0.000725
0.000615
0.000526
0.000495
0.000903
0.000549
0.000500
0.001672
0.001547
0.001812
0.000708
0.001125
0.000506
0.000600
0.000642
0.000993
0.000536
0.001320
0.000560
0.000438
0.000748
0.000521
0.000543
0.001344
0.000529
0.000510
0.000801
0.000548
0.000539
0.000985
0.001315
0.000696
0.000569
0.001440
0.000633
0.000488
0.000722
0.000604
0.000554
0.000704
0.001076
0.000618
0.000560
0.000552
0.001028
0.000533
0.000556
0.000531
0.000580
0.000526
0.001330
0.000521
0.000573
0.000731
0.000544
0.000548
0.000694
0.000568
0.000556
0.000525
0.001681
0.000546
0.000469
0.001275
0.000530
0.000487
0.001078
0.000984
0.000549
0.001071
0.000748
0.000482
0.001306
0.000677
0.000557
0.001427
0.000531
0.000667
0.000534
0.002410
0.000545
0.000555
0.000956
0.000531
0.000512
0.000614
0.001030
0.000540
0.001400
0.000535
0.000534
0.000594
0.001018
0.000549
0.000563
0.000634
0.000996
0.000533
0.000950
0.000548
0.000579
0.001384
0.000655
0.000572
0.000714
0.000605
0.000531
0.000635
0.000542
0.000540
0.000574
0.000975
0.000563
0.000524
0.000873
0.001017
0.000548
0.001681
0.000543
0.000564
0.000817
0.000523
0.000589
0.000697
0.000856
0.001818
0.000543
0.001663
0.000565
0.000533
0.000536
0.000563
0.000573
0.001266
0.001532
0.000659
0.001313
0.000608
0.000581
0.000513
0.000524
0.000534
0.001069
0.001340
0.000515
0.000584
0.000903
0.000528
0.000745
0.000567
0.000757
0.000711
0.001513
0.000530
0.000574
0.001238
0.000552
0.000521
0.000688
0.000553
0.000571
0.000674
0.000597
0.000568
0.000507
0.000729
0.000532
0.000542
0.000524
0.001734
0.000555
0.000563
0.000943
0.000524
0.000543
0.001190
0.000536
0.000556
0.000786
0.000817
0.000525
0.000950
0.000563
0.000644
0.001400
0.000633
0.000565
0.000716
0.000971
0.000580
0.001425
0.000556
0.000530
0.000955
0.000536
0.000438
0.000535
0.000938
0.000554
0.000538
0.000562
0.000552
0.000530
0.000806
0.000947
0.000540
0.000536
0.000955
0.000534
0.000555
0.000530
0.000973
0.000558
0.000637
0.000561
0.000993
0.000524
0.001266
0.000551
0.000571
0.001314
0.000544
0.000626
0.001347
0.000535
0.000570
0.000532
0.001968
0.000565
0.001517
0.000539
0.000565
0.000556
0.000730
0.000574
0.000609
0.000580
0.001182
0.000522
0.000986
0.000762
0.000544
0.000553
0.001639
0.000530
0.000525
0.002170
0.000547
0.000665
0.001243
0.000531
0.000534
0.001380
0.000544
0.000531
0.000694
0.000539
0.000546
0.001640
0.000555
0.000562
0.000815
0.000569
0.000987
0.000538
0.000547
0.000514
0.000869
0.001066
0.000552
0.001064
0.000898
0.000552
0.000513
0.000985
0.000543
0.000613
0.000679
0.000679
0.000488
0.000669
0.000550
0.000547
0.000959
0.001037
0.000535
0.000534
0.001351
0.000552
0.000551
0.000730
0.000548
0.000558
0.000700
0.000542
0.000572
0.000558
0.000981
0.000535
0.000531
0.001650
0.000597
0.000541
0.001841
0.000510
0.000546
0.001680
0.001573
0.000551
0.002294
0.000531
0.000514
0.000900
0.000526
0.001021
0.000573
0.000558
0.000533
0.000571
0.000523
0.000573
0.000550
0.001301
0.000593
0.000539
0.000561
0.001097
0.000995
0.000986
0.000928
0.000550
0.000569
0.000794
0.000600
0.000521
0.000995
0.001005
0.000573
0.000536
0.001773
0.000791
0.000968
0.000550
0.000667
0.000538
0.000699
0.000625
0.000540
0.000995
0.000585
0.000997
0.000541
0.001756
0.000547
0.000592
0.001668
0.000552
0.000541
0.000556
0.000536
0.001557
0.000706
0.000524
0.000522
0.000521
0.000785
0.000979
0.000689
0.001653
0.000498
0.000987
0.000959
0.000553
0.000989
0.001045
0.000530
0.000562
0.001025
0.000546
0.000897
0.001202
0.000539
0.001557
0.000707
0.000850
0.000556
0.000642
0.000522
0.000539
0.000710
0.000739
0.000527
0.000574
0.001354
0.000534
0.000521
0.000852
0.000984
0.001552
0.001268
0.000527
0.000580
0.000694
0.000512
0.000539
0.001704
0.000541
0.000529
0.000518
0.000543
0.000528
0.000825
0.000750
0.000996
0.000544
0.000986
0.000532
0.000547
0.001126
0.000555
0.000540
0.001388
0.000536
0.000544
0.000820
0.000552
0.000584
0.000537
0.002357
0.000546
0.000453
0.000653
0.000540
0.001013
0.000701
0.000583
0.000554
0.000525
0.002148
0.000686
0.000613
0.001004
0.000602
0.000561
0.000661
0.000555
0.000549
0.001634
0.001268
0.000542
0.000516
0.000523
0.000540
0.001056
0.000736
0.000937
0.000541
0.000976
0.000791
0.000539
0.000542
0.000962
0.000561
0.000536
0.000944
0.000549
0.000735
0.000532
0.001681
0.000539
0.000988
0.000536
0.000548
0.000544
0.000997
0.000545
0.000579
0.000696
0.000540
0.001519
0.000531
0.002384
0.000776
0.000533
0.001106
0.000578
0.000551
0.000553
0.000856
0.000533
0.000543
0.001241
0.000683
0.000655
0.002057
0.000531
0.000528
0.000890
0.000560
0.000541
0.000908
0.000529
0.000549
0.001315
0.000539
0.000609
0.001341
0.000516
0.000570
0.000382
0.000540
0.000535
0.000531
0.000807
0.000555
0.000432
0.001376
0.000663
0.000572
0.000539
0.000914
0.000690
0.000549
0.000709
0.000532
0.001183
0.000665
0.001717
0.000538
0.000528
0.001752
0.000520
0.000721
0.001708
0.000994
0.000542
0.000971
0.000675
0.000534
0.000557
0.001238
0.000537
0.000547
0.000555
0.000640
0.000532
0.000535
0.001980
0.000525
0.000952
0.000532
0.000558
0.000540
0.001690
0.000570
0.000575
0.001038
0.000961
0.000574
0.000568
0.000567
0.000551
0.000894
0.000597
0.000527
0.000988
0.000549
0.000548
0.000719
0.000538
0.000536
0.000541
0.000961
0.000601
0.000494
0.000939
0.000533
0.000504
0.000534
0.000558
0.000420
0.000542
0.000939
0.000755
0.001812
0.000635
0.001660
0.000606
0.000565
0.000895
0.000570
0.000538
0.000986
0.000773
0.000554
0.000532
0.001587
0.000544
0.000556
0.000801
0.000546
0.000541
0.001352
0.000558
0.000565
0.000981
0.000528
0.001879
0.000732
0.000558
0.001198
0.000541
0.000620
0.000542
0.000553
0.000526
0.001022
0.000527
0.000480
0.000844
0.000553
0.000526
0.000558
0.000909
0.000547
0.001405
0.000554
0.000573
0.001604
0.000867
0.000785
0.000553
0.000708
0.000502
0.000681
0.000677
0.000961
0.000534
0.000903
0.001049
0.000534
0.000627
0.001714
0.000606
0.000526
0.000705
0.000541
0.000585
0.000593
0.001631
0.000958
0.000601
0.001640
0.001524
0.000554
0.001639
0.000552
0.000549
0.000906
0.000918
0.000564
0.000548
0.001664
0.000529
0.001571
0.000888
0.000647
0.000566
0.000851
0.000564
0.000547
0.000725
0.001475
0.000543
0.000966
0.000532
0.000587
0.000591
0.000988
0.000545
0.000556
0.000516
0.000641
0.001668
0.000988
0.000532
0.000587
0.000640
0.001253
0.000527
0.000534
0.000918
0.000574
0.000507
0.001588
0.000887
0.000563
0.000554
0.000707
0.001526
0.000559
0.000620
0.000826
0.000540
0.000990
0.000712
0.002026
0.000528
0.000790
0.000540
0.000551
0.001310
