0.000548
0.000713
0.001665
0.000535
0.000491
0.001824
0.000579
0.000732
0.000779
0.000578
0.000732
0.000647
0.000869
0.000533
0.000748
0.000746
0.000791
0.000715
0.000586
0.000999
0.000718
0.000621
0.000461
0.000567
0.000689
0.000565
0.000553
0.000692
0.000594
0.000595
0.000507
0.000621
0.000520
0.000498
0.000702
0.000589
0.000593
0.000976
0.000786
0.000750
0.000596
0.000582
0.000645
0.000486
0.000550
0.000641
0.000703
0.000458
0.000740
0.000649
0.000491
0.000529
0.000769
0.001293
0.000870
0.000790
0.000652
0.000742
0.000988
0.002047
0.001936
0.000991
0.001152
0.001557
0.000495
0.000480
0.001572
0.000600
0.000492
0.000879
0.000514
0.000497
0.001229
0.000520
0.000521
0.000711
0.001236
0.000567
0.000969
0.000800
0.000553
0.000506
0.000649
0.000479
0.000538
0.000818
0.001475
0.000754
0.000582
0.001241
0.000580
0.000718
0.001554
0.000528
0.000575
0.000710
0.000966
0.000696
0.000781
0.000782
0.000699
0.000510
0.000483
0.000990
0.000887
0.000973
0.000575
0.001720
0.000576
0.000973
0.000581
0.001792
0.000499
0.000989
0.000870
0.000526
0.000739
0.001213
0.000768
0.000556
0.001226
0.000470
0.000546
0.000797
0.000773
0.001037
0.001410
0.000733
0.000501
0.000725
0.000962
0.000730
0.000681
0.000489
0.000687
0.001300
0.000455
0.000558
0.001284
0.000491
0.000496
0.000734
0.001306
0.000579
0.000709
0.000798
0.001021
0.000734
0.000647
0.000597
0.000680
0.001735
0.000522
0.000574
0.000576
0.000481
0.000581
0.000728
0.000600
0.000523
0.000489
0.000717
0.000536
0.000557
0.000740
0.000532
0.000572
0.000986
0.001075
0.000467
0.000585
0.001741
0.001031
0.000563
0.001334
0.000628
0.000527
0.000507
0.000587
0.000631
0.000556
0.000706
0.000568
0.000806
0.001595
0.000578
0.001000
0.000733
0.000601
0.002000
0.000560
0.000648
0.000468
0.001195
0.000686
0.000487
0.000531
0.000744
0.000549
0.000512
0.000622
0.001069
0.000474
0.000487
0.001663
0.000633
0.000505
0.000683
0.000553
0.000587
0.000498
0.001503
0.000687
0.000724
0.000479
0.001076
0.000925
0.000679
0.001212
0.000805
0.000562
0.000774
0.000907
0.000575
0.000840
0.000917
0.000737
0.000673
0.000742
0.000848
0.000790
0.000882
0.000545
0.000560
0.000683
0.000868
0.000623
0.000497
0.000820
0.000553
0.000561
0.000645
0.000501
0.001037
0.000643
0.001401
0.000630
0.000832
0.000819
0.000661
0.000523
0.000673
0.000686
0.000698
0.000686
0.000525
0.000669
0.002047
0.000513
0.000853
0.001479
0.000972
0.000678
0.000780
0.000518
0.000625
0.000787
0.000744
0.000494
0.000642
0.000666
0.000638
0.000495
0.000643
0.000944
0.000504
0.000622
0.000702
0.000633
0.000595
0.000614
0.000831
0.000496
0.000909
0.000501
0.000614
0.000479
0.000634
0.000903
0.000467
0.000597
0.000813
0.000478
0.000618
0.000796
0.000559
0.000495
0.001375
0.000499
0.000559
0.000606
0.000503
0.000470
0.000784
0.000671
0.000572
0.000483
0.000594
0.000487
0.000666
0.000720
0.000553
0.000718
0.000663
0.001705
0.000574
0.000518
0.000636
0.000838
0.000619
0.000501
0.000838
0.000460
0.000905
0.000654
0.000756
0.000579
0.000814
0.000551
0.000928
0.000725
0.000837
0.000505
0.000736
0.000774
0.000922
0.000501
0.000596
0.000594
0.000542
0.000607
0.000882
0.000509
0.000601
0.000803
0.000583
0.000680
0.000754
0.000739
0.000531
0.000826
0.000601
0.000471
0.000638
0.000782
0.000520
0.000672
0.001068
0.000902
0.000650
0.000856
0.000600
0.000665
0.000685
0.000985
0.000804
0.000478
0.000686
0.000582
0.000783
0.000683
0.000572
0.000474
0.000451
0.000552
0.000703
0.000588
0.000715
0.002243
0.000540
0.000656
0.002225
0.000505
0.000665
0.000708
0.002381
0.000679
0.000533
0.000626
0.000862
0.000881
0.000789
0.000520
0.000495
0.000743
0.001008
0.000514
0.000834
0.000600
0.000906
0.000636
0.000855
0.000885
0.000655
0.000638
0.000927
0.000512
0.000805
0.000564
0.000680
0.001107
0.000912
0.000484
0.000523
0.000830
0.000803
0.000482
0.001148
0.000466
0.000681
0.000803
0.000922
0.000655
0.001024
0.000821
0.000495
0.000744
0.000469
0.000492
0.000656
0.000764
0.000522
0.000665
0.000946
0.000481
0.000955
0.000766
0.000933
0.000906
0.000628
0.000930
0.000780
0.000814
0.001084
0.000620
0.000502
0.000521
0.000576
0.000494
0.000678
0.001059
0.000533
0.000683
0.000833
0.000666
0.000693
0.001400
0.000549
0.000747
0.000854
0.000573
0.000540
0.000580
0.000821
0.000622
0.000524
0.001640
0.001218
0.000582
0.000683
0.000733
0.000507
0.000652
0.001077
0.000908
0.000644
0.002215
0.000768
0.000591
0.000859
0.000579
0.000698
0.000621
0.000822
0.000747
0.000621
0.000603
0.000580
0.000566
0.000674
0.000819
0.000512
0.000487
0.000701
0.000796
0.000555
0.000530
0.000476
0.000920
0.000638
0.000564
0.001000
0.000511
0.000795
0.000727
0.000614
0.000685
0.000709
0.001406
0.000526
0.000551
0.000769
0.000649
0.001188
0.001639
0.000678
0.000490
0.000554
0.000869
0.000637
0.000624
0.000515
0.000485
0.000584
0.000604
0.000734
0.000800
0.000520
0.000496
0.000662
0.001028
0.000507
0.000828
0.000511
0.000575
0.000671
0.000992
0.000564
0.000610
0.000844
0.000529
0.000633
0.000862
0.000465
0.000845
0.000526
0.000557
0.000755
0.001537
0.000887
0.000665
0.000699
0.000864
0.000666
0.001563
0.000528
0.000601
0.000622
0.000916
0.000534
0.000743
0.000668
0.000647
0.000633
0.000530
0.000693
0.000568
0.000546
0.000635
0.001027
0.000520
0.001994
0.000496
0.000644
0.001017
0.000626
0.000862
0.001807
0.000702
0.000584
0.000603
0.000925
0.000789
0.000673
0.000548
0.000481
0.000645
0.001690
0.000542
0.000599
0.000575
0.000504
0.000763
0.000857
0.000733
0.000455
0.000827
0.001096
0.000613
0.000797
0.000613
0.000633
0.000560
0.000574
0.000498
0.000886
0.001486
0.000732
0.000597
0.002176
0.000485
0.000700
0.000779
0.000502
0.000872
0.000662
0.000491
0.001756
0.000559
0.000684
0.000713
0.000545
0.000473
0.000797
0.000514
0.000515
0.000636
0.001164
0.000869
0.000617
0.000469
0.000542
0.000866
0.001398
0.000536
0.000561
0.001750
0.000562
0.000502
0.000573
0.001169
0.000501
0.000652
0.001008
0.000484
0.000739
0.000647
0.000630
0.000450
0.000761
0.000610
0.000733
0.000674
0.001716
0.000610
0.000658
0.000708
0.000593
0.000531
0.000530
0.000464
0.000679
0.000905
0.000862
0.000551
0.000955
0.000931
0.000563
0.000627
0.000664
0.000557
0.000770
0.000869
0.000512
0.000630
0.000519
0.000931
0.000678
0.000958
0.000471
0.000637
0.000939
0.000965
0.000667
0.001353
0.000571
0.000729
0.000624
0.000569
0.000491
0.000681
0.001096
0.000529
0.000689
0.000776
0.000608
0.000478
0.001606
0.000811
0.000914
0.000763
0.000936
0.000572
0.000611
0.000540
0.000492
0.000702
0.001699
0.000945
0.000507
0.001032
0.000610
0.000678
0.001078
0.000571
0.000664
0.001866
0.000583
0.000655
0.001047
0.000609
0.000570
0.000613
0.000471
0.000499
0.000711
0.001065
0.000509
0.000514
0.001679
0.000773
0.000876
0.000629
0.001325
0.000490
0.001648
0.000777
0.000533
0.000650
0.000818
0.000570
0.000652
0.000930
0.000714
0.000540
0.000792
0.000477
0.000480
0.000788
0.000619
0.000646
0.000935
0.000586
0.000664
0.000679
0.000573
0.000574
0.000571
0.000818
0.000501
0.000598
0.000796
0.000567
0.000691
0.001086
0.000533
0.000562
0.000807
0.000466
0.000767
0.000814
0.000462
0.000480
0.000589
0.000483
0.000930
0.000681
0.001446
0.000509
0.001920
0.000535
0.000482
0.000687
0.001825
0.000885
0.000626
0.001527
0.000532
0.000593
0.001620
0.000505
0.001625
0.001264
0.000494
0.000717
0.000745
0.000504
0.000531
0.000615
0.000523
0.000831
0.000612
0.000837
0.000721
0.000586
0.000938
0.000541
0.000654
0.000804
0.000663
0.000974
0.000805
0.000470
0.000790
0.000472
0.000545
0.000557
0.000967
0.000543
0.000769
0.001043
0.000511
0.000604
0.001761
0.000586
0.000946
0.000619
0.000907
0.000493
0.000640
0.000550
0.000582
0.000760
0.000777
0.000814
0.000782
0.000765
0.000523
0.000742
0.001277
0.000784
0.000794
0.000604
0.000547
0.000467
0.000924
0.001356
0.000466
0.000685
0.001492
0.000508
0.001681
0.000827
0.000915
0.000654
0.000949
0.000533
0.000491
0.000617
0.000476
0.000683
0.000639
0.000537
0.000680
0.001441
0.000625
0.000749
0.000836
0.000497
0.000613
0.000894
0.000721
0.001684
0.000858
0.000923
0.000995
0.000651
0.000536
0.001286
0.000473
0.000536
0.000773
0.000968
0.000926
0.000603
0.000619
0.001928
0.000676
0.000695
0.000838
0.000743
0.000477
0.000567
0.000565
0.000459
0.001326
0.000521
0.000913
0.000661
0.000728
0.000767
0.000805
0.000845
0.000924
0.000574
0.000817
0.000915
0.000665
0.001184
0.000809
0.000639
0.000807
0.000484
0.000548
0.000686
0.000613
0.000910
0.000510
0.000555
0.000865
0.000516
0.000677
0.000658
0.000474
0.000536
0.001503
0.000614
0.000682
0.000624
0.000966
0.000469
0.000675
0.000546
0.000512
0.000632
0.000619
0.000678
0.000838
0.000670
0.000505
0.000621
0.000993
0.000472
0.000562
0.000608
0.001032
0.000546
0.000515
0.000614
0.000462
0.000528
0.000623
0.000510
0.000540
0.000874
0.001070
0.000509
0.000950
0.000623
0.000475
0.000553
0.000657
0.001401
0.000463
0.000712
0.000540
0.000831
0.000557
0.000616
0.000559
0.000744
0.000674
0.000926
0.000766
0.000557
0.000729
0.001469
0.000495
0.000602
0.001011
0.000580
0.000541
0.000597
0.000772
0.000486
0.000669
0.000966
0.000734
0.000674
0.000679
0.000504
0.001150
0.000735
0.000893
0.000666
0.001226
0.000939
0.000755
0.001998
0.000664
