0.000381
0.001702
0.000427
0.000355
0.000407
0.000362
0.001972
0.000393
0.000930
0.000347
0.000434
0.000377
0.000719
0.000381
0.000353
0.000374
0.000508
0.000367
0.000384
0.000320
0.000914
0.000393
0.002044
0.000372
0.000454
0.000441
0.000395
0.000372
0.000904
0.000433
0.000971
0.000397
0.000896
0.000452
0.000814
0.000934
0.000981
0.000395
0.001049
0.000453
0.000499
0.000360
0.000354
0.000358
0.000913
0.000396
0.000359
0.001300
0.000371
0.000367
0.001593
0.000366
0.000352
0.002149
0.000392
0.000457
0.000541
0.000898
0.000352
0.000891
0.000370
0.000361
0.000691
0.000960
0.000399
0.000404
0.001286
0.000359
0.000392
0.001568
0.000361
0.000421
0.000371
0.000884
0.000937
0.000676
0.000334
0.001221
0.000406
0.000390
0.000914
0.000425
0.000941
0.001012
0.000341
0.000366
0.000379
0.000930
0.000499
0.000360
0.000411
0.000392
0.000421
0.000406
0.000873
0.000420
0.000409
0.000397
0.000912
0.000390
0.000905
0.001248
0.000407
0.000449
0.000544
0.000394
0.000398
0.000405
0.000371
0.000362
0.000800
0.000361
0.000402
0.001610
0.000998
0.001532
0.000359
0.000682
0.000381
0.000370
0.000875
0.000446
0.000391
0.000554
0.000368
0.000361
0.001395
0.000373
0.000332
0.000349
0.000342
0.000379
0.000411
0.001534
0.000355
0.001493
0.000417
0.000379
0.000347
0.000415
0.001117
0.000331
0.000341
0.000376
0.001282
0.000383
0.000569
0.000380
0.000357
0.000409
0.000351
0.000389
0.000426
0.000355
0.000364
0.000707
0.000416
0.000356
0.000635
0.000916
0.000392
0.000362
0.000871
0.000373
0.000377
0.000795
0.000392
0.000477
0.001011
0.000452
0.000344
0.000844
0.000371
0.000413
0.000375
0.000362
0.000418
0.000346
0.000503
0.000421
0.000331
0.001632
0.000377
0.000639
0.000893
0.000406
0.000441
0.000782
0.000415
0.000427
0.000405
0.000652
0.000941
0.002358
0.001438
0.000365
0.000790
0.000381
0.000958
0.000387
0.000400
0.000412
0.000918
0.000927
0.000369
0.000386
0.000887
0.000388
0.001611
0.000416
0.000414
0.000912
0.000439
0.000348
0.000374
0.000357
0.000403
0.001476
0.000483
0.000667
0.001822
0.000342
0.000427
0.000408
0.001477
0.000406
0.000367
0.000719
0.000392
0.000418
0.000356
0.000957
0.000484
0.000511
0.000394
0.000786
0.000398
0.000420
0.000883
0.000361
0.000930
0.000950
0.000439
0.000396
0.001859
0.000365
0.000344
0.000398
0.000421
0.000477
0.001308
0.000374
0.000417
0.000858
0.000389
0.000329
0.000419
0.000350
0.001097
0.000359
0.000407
0.000380
0.000462
0.000348
0.000400
0.000696
0.000369
0.000423
0.000387
0.001604
0.000419
0.000350
0.000971
0.000352
0.000407
0.000522
0.000411
0.000453
0.000893
0.000402
0.000390
0.000389
0.000416
0.000399
0.000872
0.000331
0.001425
0.000376
0.000339
0.000357
0.001016
0.000398
0.000398
0.000351
0.001356
0.000427
0.000382
0.000539
0.000377
0.000399
0.000568
0.000388
0.000628
0.000339
0.001502
0.000955
0.000319
0.000459
0.000506
0.000356
0.001302
0.000367
0.000327
0.000381
0.000549
0.000377
0.000433
0.000580
0.000405
0.000371
0.000585
0.000604
0.000577
0.000496
0.000421
0.000330
0.000434
0.000373
0.000455
0.000986
0.000359
0.000407
0.001077
0.000383
0.000384
0.000384
0.000404
0.000373
0.000587
0.000422
0.000410
0.000426
0.000381
0.000335
0.000359
0.001642
0.000386
0.000424
0.000439
0.000413
0.000397
0.000369
0.000419
0.000388
0.001230
0.000373
0.000397
0.000643
0.000583
0.000402
0.000619
0.000380
0.000581
0.000390
0.000397
0.000366
0.000503
0.000628
0.000587
0.000967
0.000406
0.000344
0.001298
0.000427
0.000402
0.000336
0.000354
0.000617
0.000578
0.001255
0.000361
0.000408
0.000450
0.000597
0.000415
0.000457
0.000415
0.000375
0.001225
0.000607
0.000367
0.001214
0.000371
0.000353
0.000383
0.000378
0.000370
0.000369
0.000393
0.000373
0.000598
0.000383
0.000368
0.000371
0.000606
0.000567
0.000353
0.000483
0.000580
0.000410
0.001498
0.000382
0.000407
0.000406
0.000383
0.000560
0.000608
0.001613
0.000440
0.000420
0.000392
0.000392
0.000359
0.000630
0.000404
0.000410
0.000481
0.001334
0.000387
0.001575
0.000420
0.000347
0.000558
0.000605
0.000362
0.001131
0.000359
0.000389
0.000488
0.000419
0.000403
0.001213
0.000406
0.000387
0.000528
0.000406
0.000386
0.000434
0.001754
0.000371
0.000371
0.000372
0.000427
0.000422
0.000405
0.000387
0.000319
0.000399
0.000359
0.001067
0.000436
0.000366
0.000580
0.000612
0.000355
0.001170
0.000339
0.000364
0.000547
0.001278
0.000384
0.001465
0.000612
0.001302
0.000384
0.000491
0.000449
0.000759
0.000389
0.000365
0.001234
0.000576
0.000406
0.000815
0.000421
0.000309
0.000407
0.000366
0.000401
0.000441
0.000364
0.000634
0.000366
0.000572
0.000564
0.000650
0.000625
0.000323
0.000345
0.000477
0.000381
0.000390
0.001063
0.000365
0.000359
0.000637
0.000362
0.001870
0.000401
0.000608
0.000376
0.000376
0.000472
0.000340
0.000362
0.000430
0.000406
0.000453
0.000379
0.000383
0.000649
0.000903
0.000401
0.000403
0.000614
0.001428
0.001335
0.000371
0.000366
0.000375
0.000428
0.000391
0.000417
0.000357
0.000623
0.001119
0.000538
0.000395
0.000403
0.000631
0.000374
0.000633
0.001204
0.000354
0.000346
0.000410
0.000333
0.001459
0.000362
0.000603
0.000424
0.000361
0.000378
0.000600
0.000391
0.000618
0.000417
0.000566
0.000350
0.000362
0.001189
0.000588
0.000609
0.001427
0.001206
0.000364
0.000349
0.000362
0.000377
0.001209
0.000398
0.000742
0.000323
0.000368
0.000474
0.000474
0.000394
0.002053
0.000354
0.000354
0.000933
0.000369
0.000643
0.000914
0.000331
0.000372
0.000520
0.000388
0.000586
0.000588
0.000383
0.000473
0.000308
0.000366
0.000579
0.000951
0.000368
0.000641
0.000381
0.000415
0.000362
0.000371
0.000638
0.000361
0.000575
0.000362
0.001232
0.000616
0.000461
0.000403
0.000618
0.000381
0.000342
0.000400
0.000453
0.000400
0.000429
0.000481
0.000420
0.000364
0.000464
0.000445
0.000393
0.000598
0.000373
0.001288
0.000366
0.000591
0.001137
0.000451
0.000391
0.000365
0.000419
0.000388
0.000348
0.000397
0.000361
0.000364
0.000422
0.001227
0.000405
0.001857
0.000336
0.000379
0.000866
0.000631
0.000427
0.000432
0.000402
0.000398
0.000385
0.000347
0.000361
0.000587
0.001839
0.000424
0.001503
0.000405
0.001073
0.000644
0.000583
0.001243
0.000366
0.000385
0.000634
0.001153
0.000464
0.000611
0.000352
0.000404
0.000412
0.000573
0.001408
0.000632
0.000571
0.000408
0.001221
0.000370
0.000542
0.000503
0.000568
0.000142
0.000237
0.000159
0.000356
0.000320
0.000651
0.000370
0.000435
0.001002
0.000373
0.000911
0.000914
0.000734
0.000374
0.000406
0.000400
0.000345
0.000448
0.000393
0.000408
0.000343
0.000383
0.000943
0.000370
0.000379
0.000925
0.000934
0.000414
0.000424
0.001517
0.000413
0.000390
0.000369
0.000974
0.000879
0.000729
0.000387
0.000421
0.000907
0.000406
0.000943
0.000974
0.000385
0.000339
0.001385
0.000389
0.000376
0.000365
0.000530
0.000337
0.000406
0.000946
0.000411
0.000426
0.000371
0.000401
0.000947
0.000401
0.001834
0.000378
0.000392
0.000484
0.000893
0.000367
0.000360
0.000941
0.000425
0.000346
0.000431
0.000447
0.000387
0.000382
0.000407
0.000846
0.000961
0.000433
0.001165
0.000407
0.000436
0.001823
0.000422
0.000375
0.000425
0.000774
0.000375
0.000471
0.000356
0.000938
0.000375
0.000357
0.001949
0.000516
0.000378
0.000991
0.000681
0.000945
0.000893
0.000933
0.001514
0.000933
0.001562
0.000924
0.000353
0.000731
0.000409
0.000405
0.000365
0.000486
0.000343
0.000763
0.000537
0.000547
0.000367
0.000120
0.000134
0.000216
0.000216
0.000242
0.000375
0.000384
0.000344
0.000346
0.000333
0.000368
0.000846
0.000341
0.000367
0.000449
0.000334
0.000309
0.000368
0.000391
0.000414
0.000829
0.000525
0.000377
0.001571
0.000364
0.000357
0.000870
0.000949
0.000425
0.000343
0.000838
0.000383
0.000410
0.000770
0.000342
0.000386
0.002319
0.000333
0.000504
0.001579
0.000492
0.000405
0.000390
0.000360
0.000601
0.000404
0.000681
0.000382
0.001546
0.000316
0.000409
0.000339
0.000335
0.000350
0.000336
0.000912
0.000424
0.000366
0.000401
0.000702
0.000373
0.000384
0.000454
0.000378
0.000364
0.001302
0.000551
0.000388
0.001534
0.000969
0.000343
0.000379
0.000486
0.000419
0.000428
0.000647
0.000376
0.000359
0.000584
0.000401
0.000351
0.000399
0.000376
0.000440
0.000417
0.000934
0.000377
0.000412
0.000327
0.001088
0.000431
0.000391
0.000574
0.000467
0.000359
0.000935
0.000344
0.000402
0.000376
0.000888
0.000377
0.001460
0.000376
0.000960
0.000499
0.000405
0.000426
0.000357
0.000365
0.000363
0.000400
0.000370
0.000477
0.000465
0.000632
0.000388
0.000398
0.001477
0.000374
0.000366
0.000539
0.000909
0.000373
0.000924
0.002211
0.000378
0.001012
0.000401
0.000399
0.001507
0.000451
0.000962
0.000419
0.000895
0.001800
0.000735
0.001255
0.000439
0.000449
0.001309
0.000387
0.000385
0.001620
0.000666
0.000333
0.000385
0.000429
0.000424
0.000384
0.001189
0.000429
0.000429
0.000399
0.000432
0.000933
0.000406
0.000414
0.000363
0.000387
0.000456
0.000546
0.000927
0.000355
0.000870
0.000419
0.000362
0.000340
0.000524
0.000384
0.000923
0.000353
0.000361
0.000400
0.000489
0.001567
0.000386
0.000774
0.000418
0.000635
0.001286
0.000418
0.000396
0.000842
0.000459
0.000377
0.000371
0.000500
0.000365
0.000448
0.000920
0.000388
0.000394
0.001612
0.000420
0.000479
0.000365
0.000366
0.000345
0.000391
0.001685
0.000383
0.000417
0.000380
0.000363
0.000417
0.000633
