0.000732
0.000986
0.000412
0.000429
0.000431
0.000485
0.000436
0.000425
0.000702
0.000394
0.000495
0.001936
0.000440
0.000553
0.000708
0.000441
0.000474
0.000389
0.000440
0.000460
0.000461
0.000412
0.001655
0.000476
0.000454
0.001391
0.000441
0.000705
0.000384
0.000472
0.000434
0.000482
0.000979
0.000650
0.000399
0.000987
0.000870
0.000427
0.000479
0.001324
0.000430
0.000404
0.001545
0.000375
0.001018
0.000422
0.000436
0.000975
0.000474
0.000681
0.000468
0.000454
0.000398
0.001221
0.001651
0.000456
0.000436
0.000440
0.000482
0.000455
0.000509
0.000445
0.000418
0.000473
0.000493
0.000451
0.000729
0.000434
0.000427
0.001005
0.000393
0.000410
0.000398
0.001590
0.001175
0.001006
0.000424
0.000868
0.000401
0.000403
0.000587
0.000455
0.000406
0.000869
0.000914
0.000457
0.000435
0.000408
0.000637
0.000472
0.000398
0.000467
0.000987
0.000474
0.000672
0.000480
0.000464
0.000421
0.000437
0.000391
0.000442
0.000445
0.000467
0.000434
0.000621
0.000702
0.000431
0.000570
0.000676
0.001345
0.000437
0.000960
0.000409
0.000413
0.000430
0.000507
0.000424
0.000434
0.000701
0.000451
0.001309
0.000991
0.000446
0.000423
0.000450
0.000995
0.000394
0.000397
0.000725
0.000459
0.000620
0.000744
0.000712
0.000456
0.000549
0.002254
0.000429
0.000442
0.000532
0.000442
0.000506
0.000436
0.000494
0.000418
0.000404
0.002140
0.000446
0.000468
0.000733
0.000376
0.000440
0.000697
0.000429
0.000675
0.001038
0.000452
0.000633
0.000441
0.000469
0.001507
0.000461
0.000409
0.000421
0.000380
0.000469
0.000945
0.000433
0.000418
0.000425
0.000757
0.000458
0.000983
0.000482
0.000423
0.000437
0.000729
0.000396
0.000421
0.000972
0.000441
0.000421
0.000999
0.000415
0.000351
0.000980
0.000423
0.000434
0.000464
0.001663
0.000437
0.000494
0.001637
0.001767
0.000406
0.000404
0.000707
0.000419
0.000444
0.001764
0.000512
0.000477
0.000454
0.000486
0.000436
0.000990
0.000977
0.001040
0.000401
0.000432
0.001741
0.000359
0.000468
0.000421
0.000432
0.000668
0.000416
0.000991
0.000967
0.000971
0.000459
0.000434
0.000946
0.000445
0.000906
0.000436
0.000465
0.000404
0.000900
0.000434
0.000371
0.000458
0.000411
0.000911
0.000736
0.000684
0.000427
0.000512
0.001491
0.000399
0.000432
0.000884
0.000995
0.000459
0.000413
0.001342
0.000433
0.000863
0.000468
0.000480
0.000439
0.000681
0.000453
0.000413
0.000452
0.000902
0.000425
0.000997
0.000417
0.000418
0.000986
0.000428
0.000444
0.000416
0.000975
0.000438
0.000893
0.000447
0.000987
0.000937
0.000985
0.000657
0.000659
0.000420
0.000454
0.000475
0.000386
0.000975
0.000436
0.000883
0.000430
0.000488
0.000859
0.000987
0.000423
0.000432
0.001599
0.000408
0.000464
0.001017
0.000492
0.000446
0.000466
0.000971
0.000464
0.000937
0.000898
0.000418
0.000825
0.000463
0.001139
0.001102
0.000889
0.000461
0.000399
0.000833
0.000436
0.000415
0.001198
0.001365
0.000393
0.002281
0.000464
0.000410
0.000398
0.000995
0.000429
0.001167
0.000395
0.000981
0.000490
0.000401
0.000442
0.000630
0.000420
0.000433
0.000949
0.000910
0.000402
0.000456
0.001629
0.000462
0.000458
0.000454
0.001162
0.000406
0.000491
0.000718
0.000388
0.000941
0.000460
0.000774
0.000439
0.000444
0.000994
0.000631
0.000420
0.001715
0.000423
0.000944
0.000463
0.000452
0.000405
0.000746
0.000430
0.000992
0.000390
0.000401
0.000409
0.002070
0.000450
0.000445
0.000459
0.000442
0.000478
0.000443
0.000976
0.000440
0.000483
0.000419
0.000459
0.000393
0.000422
0.000643
0.000426
0.000824
0.000455
0.000438
0.000645
0.000412
0.001012
0.000677
0.000403
0.000611
0.000476
0.000422
0.000401
0.000536
0.000486
0.000477
0.000426
0.000440
0.000458
0.000511
0.000424
0.000996
0.000376
0.000400
0.000417
0.000391
0.000499
0.001418
0.000467
0.000422
0.000758
0.000440
0.001133
0.000984
0.000433
0.000387
0.000422
0.000436
0.000441
0.000457
0.000398
0.000410
0.000441
0.000395
0.000402
0.000481
0.000470
0.000471
0.000428
0.000415
0.000421
0.000622
0.000727
0.000382
0.000425
0.000435
0.000441
0.000721
0.000587
0.000443
0.000682
0.000431
0.000450
0.001353
0.000370
0.000461
0.000433
0.000689
0.000409
0.000448
0.000445
0.000410
0.000450
0.000447
0.000410
0.000981
0.000392
0.000974
0.000497
0.000411
0.000432
0.000428
0.001765
0.000550
0.000460
0.001411
0.001414
0.000488
0.000386
0.002021
0.000993
0.000974
0.000411
0.000439
0.000992
0.000413
0.000460
0.000436
0.000414
0.000517
0.000432
0.000437
0.000484
0.000627
0.000480
0.000448
0.001607
0.000435
0.000445
0.001002
0.000431
0.000438
0.000392
0.000457
0.000427
0.000418
0.000424
0.000456
0.000439
0.000436
0.000417
0.000450
0.000461
0.000429
0.001005
0.000448
0.000405
0.000489
0.000473
0.001840
0.002144
0.001017
0.000395
0.001505
0.001018
0.000434
0.001011
0.000428
0.000457
0.000719
0.000478
0.000623
0.001051
0.000849
0.001376
0.000926
0.000481
0.000945
0.000453
0.000454
0.000979
0.000405
0.000469
0.000457
0.000445
0.000445
0.000476
0.000477
0.000420
0.000477
0.000478
0.001002
0.000457
0.000452
0.000959
0.000380
0.000466
0.002149
0.000419
0.000722
0.000844
0.000417
0.001009
0.000416
0.000426
0.000409
0.000868
0.000465
0.000501
0.001132
0.000459
0.000775
0.000427
0.000405
0.001027
0.000437
0.000393
0.000427
0.000406
0.000484
0.000650
0.000436
0.000477
0.000982
0.000913
0.000425
0.000493
0.000446
0.000445
0.000778
0.000833
0.000634
0.000428
0.000462
0.000480
0.000431
0.000448
0.000380
0.000998
0.000427
0.000468
0.000392
0.000983
0.000489
0.000427
0.000461
0.000424
0.000479
0.000523
0.000566
0.000396
0.000814
0.000451
0.000431
0.000437
0.000953
0.000982
0.000417
0.000403
0.000414
0.000954
0.000934
0.000394
0.000996
0.000808
0.001496
0.000591
0.000687
0.000990
0.001006
0.000468
0.001083
0.000689
0.000663
0.000443
0.000442
0.000453
0.000759
0.000409
0.000459
0.000450
0.001096
0.000412
0.000773
0.000449
0.000990
0.000833
0.000418
0.000421
0.000631
0.000435
0.001031
0.000446
0.000485
0.000485
0.000992
0.000460
0.000484
0.001022
0.000418
0.000438
0.000597
0.000476
0.000991
0.000462
0.000466
0.000489
0.000466
0.000416
0.000965
0.001190
0.000433
0.000394
0.000784
0.000409
0.000438
0.000451
0.000466
0.000398
0.000469
0.001390
0.000429
0.000536
0.000420
0.000956
0.000388
0.000390
0.000503
0.000976
0.000650
0.000673
0.000481
0.000425
0.000993
0.000564
0.000387
0.000476
0.000876
0.000958
0.000476
0.001010
0.000992
0.000436
0.001016
0.001571
0.000478
0.000466
0.000429
0.000407
0.000904
0.000465
0.000490
0.000480
0.000436
0.000402
0.000530
0.000469
0.000424
0.000899
0.000445
0.000390
0.001130
0.000680
0.000685
0.000927
0.000444
0.000931
0.000384
0.000399
0.000452
0.000403
0.000405
0.001643
0.001025
0.000610
0.000996
0.000588
0.000477
0.000432
0.000414
0.000375
0.000418
0.000666
0.000424
0.000426
0.001613
0.000416
0.000449
0.000987
0.000419
0.000413
0.000437
0.000954
0.000517
0.000410
0.000924
0.000553
0.000449
0.000707
0.000963
0.000445
0.001572
0.000750
0.000997
0.000720
0.002065
0.000968
0.000454
0.000416
0.000531
0.000433
0.000938
0.000886
0.000414
0.000392
0.000656
0.000418
0.000646
0.000444
0.000504
0.000471
0.000962
0.000469
0.000604
0.000473
0.001791
0.000507
0.000440
0.000443
0.000513
0.000406
0.001252
0.000440
0.000874
0.000610
0.000455
0.000459
0.000705
0.001367
0.000498
0.000966
0.000613
0.000467
0.000631
0.000414
0.000716
0.001096
0.000824
0.000577
0.000804
0.000465
0.000486
0.000496
0.000533
0.000435
0.001325
0.000441
0.000674
0.001753
0.000659
0.000622
0.000440
0.000620
0.000409
0.000630
0.000498
0.000451
0.000428
0.000388
0.000450
0.000420
0.000435
0.000679
0.000442
0.000487
0.000588
0.000422
0.000503
0.000608
0.000429
0.000487
0.000414
0.000714
0.000682
0.000407
0.000765
0.000446
0.000461
0.001208
0.000398
0.000450
0.000464
0.000956
0.000460
0.000972
0.000402
0.000451
0.000502
0.001306
0.001001
0.000426
0.000716
0.000514
0.000485
0.001591
0.000460
0.000414
0.000871
0.000621
0.000405
0.000405
0.000872
0.000458
0.000397
0.000821
0.000444
0.000426
0.000567
0.000543
0.000387
0.000975
0.000441
0.000416
0.000386
0.000988
0.000444
0.000485
0.000400
0.000629
0.000458
0.001008
0.000547
0.000369
0.000786
0.000477
0.000829
0.001923
0.000661
0.000404
0.000787
0.000451
0.000412
0.000692
0.000431
0.000976
0.000470
0.000455
0.000472
0.000401
0.000446
0.000473
0.000408
0.000519
0.000450
0.000961
0.000390
0.000458
0.000592
0.000403
0.000661
0.000945
0.000464
0.000540
0.000454
0.000473
0.000402
0.000413
0.002132
0.000388
0.000408
0.000414
0.000605
0.000427
0.000605
0.000481
0.000452
0.000434
0.000650
0.001527
0.000580
0.000943
0.000435
0.000412
0.000421
0.000381
0.000427
0.000458
0.000416
0.000455
0.000448
0.000475
0.000423
0.000420
0.000887
0.000526
0.001510
0.001572
0.000407
0.000449
0.000442
0.000379
0.000484
0.000394
0.000466
0.000478
0.000467
0.000794
0.000452
0.000947
0.000442
0.000742
0.000841
0.000418
0.001438
0.001494
0.000654
0.001872
0.000395
0.000509
0.000634
0.000472
0.000475
0.000465
0.000433
0.001503
0.000890
0.000489
0.000393
0.000433
0.000427
0.000410
0.000967
0.000408
0.000399
0.000632
0.000906
0.000400
0.000489
0.000454
0.000463
0.001399
0.000443
0.000419
0.000415
0.000433
0.000506
0.001000
0.000910
0.000481
0.000449
0.000451
0.000488
0.001566
0.000395
0.000595
0.001018
0.000441
