0.001848
0.002064
0.001488
0.001406
0.002356
0.002512
0.001609
0.001600
0.001768
0.001591
0.001633
0.001546
0.001522
0.001603
0.001602
0.001540
0.001542
0.001812
0.001474
0.003504
0.001664
0.002640
0.001821
0.002418
0.001549
0.001483
0.001907
0.001592
0.001950
0.001545
0.001885
0.001326
0.001925
0.001922
0.001582
0.001550
0.002015
0.001651
0.001167
0.001497
0.001866
0.001566
0.001601
0.001206
0.001518
0.002926
0.002489
0.001693
0.001599
0.001632
0.002204
0.002305
0.001576
0.001907
0.001684
0.002308
0.001535
0.001538
0.001562
0.001605
0.002508
0.001879
0.001793
0.003228
0.001519
0.002981
0.002508
0.001791
0.001562
0.001909
0.002833
0.001520
0.001956
0.001607
0.002482
0.001644
0.001562
0.001561
0.001930
0.002403
0.001476
0.001802
0.001789
0.002504
0.001384
0.001829
0.002483
0.002869
0.002490
0.002387
0.001631
0.001992
0.002061
0.001476
0.002173
0.001687
0.001606
0.001552
0.001643
0.001645
0.002861
0.001534
0.001613
0.001436
0.001352
0.001585
0.001574
0.002884
0.001566
0.001790
0.001512
0.001852
0.002020
0.001178
0.001619
0.002087
0.001565
0.001550
0.002820
0.001416
0.001617
0.001977
0.001404
0.001726
0.001551
0.001472
0.001543
0.002051
0.001566
0.001584
0.002152
0.001545
0.001546
0.002442
0.001620
0.001301
0.002209
0.001521
0.001602
0.001788
0.001547
0.001538
0.001966
0.001703
0.001472
0.002230
0.001585
0.001648
0.001574
0.001638
0.001530
0.001582
0.002149
0.001533
0.001633
0.002465
0.001830
0.001783
0.001656
0.001424
0.001644
0.002575
0.001519
0.002467
0.001637
0.001586
0.001621
0.001559
0.001874
0.002338
0.001634
0.003533
0.001572
0.001690
0.001006
0.002331
0.001538
0.001435
0.002653
0.001628
0.002793
0.001700
0.001797
0.001650
0.001570
0.001919
0.001285
0.001729
0.002429
0.001601
0.001500
0.001578
0.001574
0.001566
0.001642
0.001615
0.002016
0.001667
0.001824
0.001424
0.002080
0.002085
0.002896
0.001741
0.001543
0.002911
0.001435
0.001602
0.001615
0.001580
0.001609
0.001555
0.001670
0.001812
0.001581
0.001593
0.001858
0.002909
0.001627
0.001772
0.001596
0.001884
0.001722
0.001574
0.001564
0.001499
0.002472
0.002271
0.001560
0.002524
0.001650
0.001576
0.002894
0.002750
0.001619
0.002527
0.001652
0.002091
0.002108
0.001608
0.001624
0.002453
0.001818
0.002012
0.001472
0.001697
0.001482
0.001685
0.001579
0.001585
0.001566
0.001952
0.001609
0.001527
0.002008
0.001579
0.001794
0.003325
0.001599
0.001571
0.001453
0.001578
0.001796
0.001848
0.002575
0.001944
0.001016
0.002068
0.002795
0.001567
0.002555
0.001576
0.001328
0.001688
0.001614
0.001540
0.002418
0.002371
0.001228
0.001814
0.002058
0.001571
0.002866
0.002218
0.001508
0.001647
0.001868
0.001532
0.002445
0.001537
0.002629
0.002555
0.001577
0.001596
0.001569
0.001463
0.001696
0.002047
0.001543
0.001547
0.002734
0.001575
0.001589
0.001924
0.001897
0.001555
0.001554
0.002192
0.001594
0.001604
0.002498
0.001451
0.001554
0.002358
0.001391
0.001574
0.001950
0.001687
0.001549
0.002344
0.001129
0.001559
0.001840
0.001790
0.001761
0.001767
0.002042
0.001608
0.001564
0.001657
0.001596
0.001589
0.003350
0.001352
0.001602
0.002535
0.001746
0.001549
0.001577
0.001587
0.001599
0.001690
0.001523
0.001551
0.001359
0.001554
0.001494
0.001973
0.002011
0.001557
0.002427
0.001954
0.001558
0.002466
0.001820
0.002685
0.001716
0.001582
0.001597
0.001774
0.002683
0.002818
0.002889
0.001917
0.002580
0.002020
0.001658
0.002441
0.001325
0.001606
0.003028
0.001796
0.001569
0.002003
0.001567
0.001950
0.001649
0.001661
0.001584
0.001627
0.002133
0.002385
0.001632
0.002091
0.002617
0.002210
0.002018
0.003308
0.001558
0.002560
0.002328
0.001584
0.001518
0.002079
0.002623
0.001513
0.001476
0.001921
0.001625
0.002656
0.001662
0.001831
0.001621
0.001602
0.001642
0.002596
0.001800
0.001531
0.001428
0.001685
0.001550
0.001571
0.001784
0.002293
0.001767
0.002519
0.001616
0.001574
0.001801
0.002161
0.001532
0.001597
0.002530
0.002399
0.001563
0.001695
0.001594
0.001520
0.001959
0.002717
0.002492
0.002049
0.001717
0.002752
0.001563
0.002785
0.001725
0.001322
0.001961
0.001465
0.002617
0.001570
0.002881
0.001718
0.001576
0.001912
0.001973
0.001534
0.002591
0.002071
0.002088
0.001733
0.001594
0.001516
0.001808
0.001981
0.001614
0.001559
0.003286
0.001600
0.002562
0.001807
0.002839
0.001307
0.001592
0.002707
0.001512
0.001936
0.002050
0.001597
0.001737
0.002899
0.001320
0.002596
0.001608
0.001494
0.001516
0.001524
0.001815
0.001551
0.002806
0.002103
0.001967
0.001533
0.002049
0.001916
0.001584
0.001716
0.001788
0.001586
0.001970
0.001746
0.001818
0.001773
0.001526
0.001565
0.001564
0.002268
0.001166
0.001619
0.002561
0.002388
0.001557
0.002459
0.002511
0.001535
0.001839
0.001546
0.002387
0.001496
0.001398
0.001663
0.001905
0.001381
0.002373
0.001735
0.001902
0.001596
0.002526
0.001539
0.001549
0.001747
0.001327
0.001334
0.001820
0.001288
0.001503
0.002556
0.002362
0.001556
0.001605
0.003111
0.001648
0.001755
0.001759
0.001841
0.001916
0.001896
0.001797
0.001039
0.002527
0.002465
0.002274
0.001576
0.002102
0.002515
0.001553
0.002887
0.001595
0.001889
0.002024
0.001539
0.001524
0.001875
0.001941
0.001588
0.002699
0.001642
0.001544
0.003352
0.002555
0.001548
0.002551
0.002050
0.001295
0.001919
0.002008
0.001548
0.001427
0.001597
0.002303
0.001374
0.003533
0.001580
0.001510
0.001620
0.001350
0.001592
0.001422
0.001804
0.001553
0.001975
0.001616
0.002521
0.001591
0.002372
0.002165
0.001606
0.001898
0.001541
0.001559
0.001317
0.001579
0.001959
0.002492
0.001707
0.001508
0.001576
0.001700
0.001768
0.001455
0.001580
0.002369
0.001516
0.001612
0.002691
0.001598
0.001591
0.001881
0.002358
0.001539
0.002321
0.001630
0.001200
0.001384
0.002160
0.001488
0.001730
0.002336
0.001383
0.001640
0.002264
0.001519
0.002250
0.001622
0.002478
0.001906
0.001527
0.002553
0.001785
0.001603
0.001571
0.002327
0.001454
0.001569
0.002400
0.002863
0.001626
0.001912
0.001676
0.001527
0.002635
0.001695
0.001637
0.001520
0.002893
0.001494
0.002439
0.001640
0.001557
0.001507
0.001602
0.001555
0.001624
0.002374
0.002550
0.001576
0.001750
0.001953
0.001635
0.001645
0.002565
0.002916
0.001530
0.001653
0.001672
0.001516
0.002113
0.001593
0.001938
0.001356
0.002478
0.001571
0.001543
0.001694
0.001599
0.001616
0.003494
0.001766
0.001572
0.002409
0.001625
0.001872
0.001503
0.001574
0.001370
0.001638
0.002671
0.001665
0.002328
0.002487
0.001605
0.001796
0.001664
0.001518
0.001848
0.002408
0.001468
0.002243
0.001125
0.001533
0.002345
0.002515
0.001569
0.002017
0.002415
0.001593
0.001371
0.001595
0.001788
0.001578
0.001945
0.001435
0.002585
0.001582
0.001663
0.002719
0.001547
0.001820
0.001610
0.001670
0.002584
0.001621
0.001049
0.001570
0.002497
0.001610
0.001759
0.001772
0.001551
0.002907
0.001029
0.002779
0.001589
0.001733
0.001505
0.001533
0.001637
0.001615
0.001561
0.001734
0.001661
0.001598
0.001589
0.001472
0.002041
0.001547
0.002385
0.002518
0.001490
0.001735
0.001553
0.001563
0.001554
0.002518
0.001439
0.002184
0.001674
0.001787
0.002639
0.001417
0.001535
0.002009
0.002037
0.001341
0.001830
0.001578
0.001589
0.001609
0.001602
0.002269
0.001287
0.001645
0.001762
0.001737
0.002860
0.001639
0.001536
0.001319
0.001999
0.002575
0.001986
0.001495
0.002490
0.001576
0.002384
0.001551
0.001758
0.001815
0.002390
0.001437
0.001555
0.001793
0.001562
0.002545
0.001516
0.002497
0.001489
0.002843
0.001313
0.001600
0.002515
0.002069
0.001631
0.002005
0.001573
0.001649
0.002567
0.001593
0.001638
0.002218
0.001943
0.001585
0.001425
0.001813
0.002047
0.001822
0.001575
0.001329
0.001819
0.002271
0.001552
0.002519
0.001645
0.001617
0.001608
0.001816
0.001822
0.001650
0.001733
0.001663
0.001444
0.001555
0.002086
0.001587
0.001626
0.002502
0.001580
0.001591
0.001981
0.002715
0.001847
0.001417
0.001621
0.001643
0.001980
0.001580
0.002668
0.001785
0.001633
0.001563
0.001551
0.002345
0.001611
0.001683
0.001942
0.001605
0.001630
0.001622
0.001513
0.001599
0.001862
0.001599
0.001861
0.002208
0.001289
0.001453
0.002129
0.002942
0.001331
0.001528
0.002222
0.001786
0.001552
0.001867
0.001487
0.001594
0.002604
0.001561
0.001530
0.001566
0.001572
0.001428
0.001325
0.001196
0.001521
0.001575
0.001768
0.001568
0.001839
0.001597
0.001986
0.002377
0.001676
0.001448
0.001695
0.001555
0.001360
0.001358
0.001615
0.001522
0.001682
0.001583
0.001568
0.001177
0.001590
0.001635
0.001125
0.001599
0.001507
0.001371
0.001869
0.002081
0.001568
0.001444
0.001547
0.001599
0.001151
0.001565
0.001394
0.001280
0.001476
0.001350
0.001477
0.001530
0.001273
0.001531
0.001611
0.001462
0.001560
0.001465
0.002831
0.001558
0.001288
0.001641
0.001761
0.001604
0.001539
0.002657
0.001574
0.001650
0.001244
0.001633
0.001596
0.001549
0.001347
0.001909
0.001709
0.001435
0.001606
0.001392
0.001308
0.002127
0.001491
0.001233
0.001716
0.001594
0.002216
0.001980
0.001713
0.001313
0.001140
0.001594
0.001935
0.001373
0.001567
0.001559
0.001879
0.001684
0.002459
0.002894
0.001354
0.001620
0.001820
0.001607
0.001619
0.001553
0.001539
0.001448
0.001599
0.001597
0.001848
0.001522
0.002283
0.002296
0.001611
0.001788
0.002084
0.001526
0.001833
0.002193
0.001551
0.002713
0.001870
0.002478
0.001582
0.001624
0.001597
0.001713
0.001735
