0.003198
0.002139
0.001917
0.001729
0.001463
0.002197
0.002468
0.001923
0.002149
0.001630
0.001923
0.001520
0.002373
0.001445
0.002411
0.001792
0.002396
0.002257
0.002231
0.002507
0.002016
0.002867
0.001976
0.001483
0.002653
0.001380
0.002033
0.002694
0.002281
0.001525
0.001745
0.001453
0.001700
0.002813
0.001759
0.002651
0.002298
0.003092
0.002057
0.002645
0.002541
0.002155
0.002269
0.002476
0.002715
0.001466
0.002684
0.002932
0.002444
0.002093
0.001631
0.002301
0.002367
0.002099
0.002311
0.001407
0.001593
0.001756
0.002268
0.001500
0.002125
0.001756
0.001670
0.002376
0.002584
0.001651
0.002509
0.001418
0.001719
0.002257
0.002608
0.001567
0.002964
0.002233
0.001791
0.002153
0.002549
0.002730
0.001834
0.001997
0.002274
0.001673
0.001736
0.002464
0.001751
0.001968
0.003268
0.003506
0.002420
0.002460
0.001965
0.002780
0.002532
0.002805
0.001836
0.001432
0.001988
0.001600
0.001799
0.002177
0.001589
0.002764
0.002368
0.003285
0.001484
0.001827
0.002231
0.001415
0.002253
0.002108
0.001696
0.002128
0.002816
0.002247
0.002440
0.001846
0.002855
0.002939
0.002283
0.002819
0.001399
0.001806
0.001998
0.002172
0.002342
0.001802
0.001592
0.001952
0.002867
0.002509
0.002776
0.002162
0.002072
0.002791
0.002179
0.001882
0.001529
0.002189
0.002794
0.001498
0.002444
0.001975
0.001517
0.001454
0.001890
0.001500
0.001516
0.001850
0.001722
0.001949
0.001927
0.001427
0.001804
0.002727
0.002400
0.001534
0.001483
0.002305
0.001992
0.002386
0.001686
0.002224
0.001386
0.001586
0.002651
0.001415
0.002280
0.001746
0.001814
0.001869
0.002245
0.001475
0.001770
0.001704
0.001518
0.002493
0.002338
0.002821
0.002817
0.002388
0.002460
0.001590
0.002318
0.001991
0.002172
0.002137
0.002147
0.002617
0.001502
0.001970
0.002353
0.001584
0.002813
0.002403
0.001446
0.002756
0.002369
0.001482
0.002526
0.002184
0.001720
0.002040
0.001654
0.001467
0.001459
0.002352
0.003033
0.001485
0.002201
0.001573
0.002929
0.002152
0.002018
0.002168
0.002104
0.002513
0.001375
0.001633
0.002389
0.002492
0.001853
0.002404
0.001576
0.003317
0.002416
0.002457
0.001452
0.001391
0.001512
0.001644
0.001717
0.002144
0.002237
0.001711
0.002902
0.001653
0.002476
0.001496
0.001916
0.001527
0.001457
0.002120
0.001870
0.002938
0.002432
0.002470
0.002331
0.002316
0.002944
0.001607
0.002018
0.002172
0.002544
0.001578
0.002291
0.002845
0.001453
0.001465
0.002277
0.002461
0.001738
0.002207
0.002466
0.001743
0.002901
0.002216
0.003164
0.002315
0.002601
0.001610
0.001724
0.002328
0.002259
0.002389
0.002476
0.001828
0.001485
0.002882
0.001652
0.002153
0.002303
0.002265
0.003265
0.001440
0.002345
0.001639
0.001425
0.002170
0.002708
0.002135
0.002220
0.001692
0.002747
0.002199
0.002866
0.001716
0.002211
0.002169
0.001735
0.001623
0.002132
0.002602
0.001524
0.002515
0.001601
0.001841
0.001477
0.002095
0.001689
0.001765
0.002284
0.001565
0.001364
0.002164
0.001853
0.001684
0.002444
0.001899
0.001377
0.001585
0.001967
0.002188
0.002175
0.002528
0.002304
0.002503
0.002377
0.001567
0.001510
0.002956
0.001889
0.003056
0.002162
0.002351
0.003040
0.001548
0.002237
0.001966
0.001739
0.002259
0.001623
0.001978
0.002228
0.002140
0.001504
0.002278
0.001970
0.002881
0.002266
0.001568
0.001728
0.002108
0.002195
0.002110
0.002414
0.002548
0.003154
0.002161
0.001707
0.001597
0.001758
0.002215
0.002363
0.001514
0.001641
0.002598
0.001824
0.003157
0.002464
0.002372
0.001384
0.001479
0.002092
0.002544
0.001798
0.001832
0.002194
0.001769
0.001604
0.002983
0.002508
0.001448
0.001951
0.002693
0.001515
0.002923
0.002624
0.001322
0.001473
0.002574
0.001877
0.001539
0.002196
0.001891
0.001438
0.002962
0.002541
0.002324
0.002645
0.001401
0.002281
0.002491
0.001619
0.001520
0.002838
0.001673
0.001613
0.001467
0.001407
0.001570
0.001684
0.002623
0.001574
0.001607
0.002469
0.002762
0.001617
0.001706
0.002433
0.002971
0.001492
0.002402
0.002804
0.001383
0.003090
0.002789
0.001641
0.002217
0.003481
0.002199
0.002711
0.001410
0.001989
0.002579
0.002649
0.001614
0.002216
0.002287
0.001505
0.001440
0.002437
0.002660
0.001342
0.001699
0.002383
0.001475
0.002190
0.002203
0.001508
0.002298
0.001948
0.001732
0.002247
0.002750
0.002908
0.002040
0.002428
0.002214
0.001705
0.001985
0.001883
0.001466
0.002069
0.002931
0.001571
0.001519
0.002033
0.002530
0.002252
0.002254
0.002560
0.002082
0.002753
0.002009
0.002235
0.001875
0.001564
0.002315
0.002024
0.001513
0.002416
0.001881
0.001804
0.002066
0.001696
0.001745
0.001951
0.002057
0.002558
0.001827
0.002849
0.001922
0.001712
0.002293
0.002511
0.001501
0.001529
0.002963
0.001728
0.001432
0.001635
0.002284
0.002117
0.001336
0.002371
0.002205
0.001519
0.001385
0.002305
0.001542
0.001665
0.002251
0.002487
0.001540
0.001451
0.002279
0.001733
0.002907
0.002344
0.002025
0.001613
0.002384
0.001589
0.001488
0.001862
0.002594
0.002177
0.002225
0.002649
0.001560
0.001910
0.002191
0.002024
0.001516
0.002151
0.002199
0.001567
0.002796
0.002487
0.001452
0.002305
0.001675
0.002586
0.002405
0.001821
0.001903
0.002087
0.002608
0.001845
0.002279
0.001393
0.001682
0.002489
0.002755
0.001526
0.002413
0.001471
0.002105
0.002294
0.001426
0.001674
0.002152
0.001917
0.002323
0.001975
0.002683
0.001815
0.002028
0.002070
0.001769
0.002336
0.002564
0.001771
0.001413
0.002365
0.001602
0.001684
0.002234
0.002342
0.001406
0.002320
0.002476
0.001586
0.002472
0.001850
0.002030
0.002229
0.001885
0.001504
0.002909
0.002453
0.001448
0.002944
0.002307
0.001746
0.002039
0.002516
0.002690
0.002152
0.001918
0.001559
0.001802
0.003132
0.001522
0.002106
0.002186
0.002411
0.002284
0.001467
0.001583
0.001656
0.002038
0.001617
0.002033
0.002064
0.001391
0.002315
0.001454
0.002081
0.001740
0.001672
0.002237
0.001437
0.001554
0.002425
0.002163
0.001450
0.002172
0.002241
0.001468
0.002585
0.002565
0.001872
0.002007
0.002093
0.001472
0.002323
0.002086
0.001994
0.002369
0.003125
0.001557
0.002308
0.002474
0.001509
0.001492
0.002188
0.001649
0.002099
0.002050
0.002935
0.003033
0.002352
0.001660
0.001694
0.001723
0.002045
0.003330
0.002526
0.001938
0.001516
0.001744
0.002088
0.001464
0.001737
0.002508
0.001614
0.001714
0.001892
0.002094
0.002056
0.002080
0.001713
0.002084
0.002087
0.001777
0.001917
0.002237
0.002214
0.001454
0.003401
0.001462
0.001485
0.002140
0.001748
0.001614
0.002758
0.002228
0.001924
0.001934
0.002442
0.002692
0.002278
0.002113
0.001424
0.002308
0.001760
0.001531
0.002592
0.001449
0.001789
0.002254
0.001805
0.001375
0.002162
0.002172
0.001469
0.001468
0.002556
0.002514
0.001528
0.002310
0.002924
0.002167
0.002494
0.001811
0.002171
0.002185
0.001415
0.002258
0.002928
0.001579
0.002023
0.002526
0.002278
0.002514
0.001852
0.002183
0.001883
0.002652
0.001964
0.002112
0.002228
0.001745
0.001611
0.002055
0.001893
0.002897
0.003270
0.001497
0.001587
0.001740
0.001763
0.001949
0.002350
0.001597
0.001556
0.001537
0.002767
0.001456
0.001752
0.003093
0.001494
0.001517
0.002604
0.002607
0.002134
0.003098
0.001503
0.001538
0.002340
0.002176
0.001511
0.001637
0.002078
0.001496
0.002297
0.001424
0.001444
0.002699
0.001622
0.002306
0.001849
0.002315
0.001632
0.002916
0.002161
0.001823
0.002355
0.002921
0.003170
0.001755
0.001452
0.002333
0.001605
0.001372
0.002181
0.001346
0.001687
0.002464
0.002584
0.001590
0.001622
0.002293
0.002306
0.001679
0.003413
0.001636
0.002143
0.002695
0.002495
0.001883
0.002732
0.002008
0.001439
0.001497
0.002074
0.001515
0.002937
0.002176
0.002754
0.002286
0.003322
0.001790
0.002986
0.002835
0.002690
0.001399
0.002657
0.001335
0.001573
0.002502
0.002103
0.001389
0.001665
0.002150
0.002103
0.002468
0.002574
0.002389
0.001565
0.002396
0.002498
0.002670
0.001462
0.002648
0.001750
0.002792
0.002434
0.002101
0.001460
0.001769
0.002882
0.001651
0.002002
0.002789
0.001936
0.001391
0.002407
0.002398
0.001485
0.002498
0.001416
0.002029
0.002363
0.001751
0.001982
0.001466
0.002795
0.002807
0.001529
0.002903
0.001552
0.001668
0.002096
0.001418
0.001794
0.001448
0.002483
0.002783
0.003142
0.001947
0.001706
0.002570
0.002035
0.002536
0.001436
0.001916
0.002191
0.001721
0.002105
0.001558
0.001801
0.001599
0.002198
0.002897
0.001606
0.003163
0.002143
0.001362
0.002039
0.001469
0.001422
0.001875
0.002294
0.001678
0.001508
0.002334
0.002297
0.001438
0.002258
0.002298
0.001573
0.002197
0.002426
0.001501
0.002314
0.002138
0.001483
0.002290
0.002323
0.001851
0.001437
0.002237
0.002322
0.001578
0.002871
0.002815
0.001712
0.002249
0.002535
0.001442
0.001895
0.001685
0.001445
0.002361
0.002257
0.001453
0.002236
0.001449
0.001600
0.001492
0.002652
0.001566
0.002133
0.002112
0.001710
0.001554
0.002725
0.001984
0.001828
0.002231
0.001981
0.001596
0.001652
0.002250
0.001988
0.001530
0.002383
0.002965
0.001687
0.002165
0.003343
0.001705
0.002287
0.002740
0.002186
0.002198
0.001920
0.001428
0.001432
0.002935
0.001611
0.002115
0.001936
0.001477
0.002274
0.002048
0.002181
0.001608
0.001597
0.001803
0.001664
0.001519
0.001774
0.003084
0.001566
0.001839
0.002962
0.003213
0.003064
0.002463
0.002530
0.002070
0.002672
0.002194
0.001926
0.001581
0.002912
0.001814
0.001792
0.002545
0.001558
0.001746
0.002147
0.001893
0.001509
0.001617
0.002338
0.001586
