0.001512
0.002133
0.001624
0.002019
0.001450
0.002082
0.001578
0.001229
0.001948
0.001346
0.001042
0.001510
0.001658
0.002025
0.001551
0.002329
0.001572
0.001174
0.001822
0.001767
0.002700
0.002144
0.001711
0.002471
0.001455
0.002191
0.001355
0.001850
0.001195
0.001609
0.002181
0.001734
0.002151
0.001849
0.001041
0.001019
0.001705
0.002245
0.002656
0.001636
0.002495
0.001642
0.001493
0.002036
0.001356
0.000975
0.002179
0.002145
0.001533
0.001493
0.000993
0.001278
0.002100
0.001536
0.001788
0.001275
0.001837
0.002435
0.001709
0.001373
0.001661
0.001854
0.001720
0.001068
0.001007
0.001627
0.001793
0.001912
0.001338
0.002535
0.001634
0.001521
0.002287
0.001526
0.002128
0.001455
0.002189
0.001622
0.001743
0.002255
0.001063
0.001446
0.003273
0.001422
0.001046
0.001796
0.002005
0.001812
0.001372
0.002061
0.002044
0.001463
0.002287
0.001073
0.001464
0.002703
0.001697
0.002028
0.001906
0.001682
0.001815
0.001656
0.002099
0.001116
0.001367
0.001526
0.001793
0.001427
0.001720
0.001485
0.001560
0.001893
0.002164
0.001487
0.003616
0.001026
0.001712
0.001783
0.001573
0.001630
0.001339
0.001005
0.001283
0.001580
0.002008
0.001857
0.001689
0.001819
0.001523
0.001838
0.002124
0.001697
0.001820
0.002364
0.001620
0.001636
0.001568
0.002019
0.001347
0.001711
0.001783
0.001807
0.002158
0.002200
0.001767
0.001305
0.001023
0.001617
0.002992
0.000993
0.001523
0.001996
0.001101
0.001702
0.001976
0.001363
0.001694
0.001836
0.000979
0.001717
0.001067
0.001617
0.001485
0.001413
0.002152
0.001692
0.001757
0.001812
0.001568
0.001246
0.002130
0.001837
0.002048
0.002075
0.001195
0.001408
0.001780
0.001030
0.001601
0.002123
0.001403
0.001522
0.002024
0.001974
0.001730
0.001193
0.002267
0.000947
0.001648
0.001638
0.001443
0.002215
0.001098
0.001328
0.002035
0.001034
0.001828
0.001846
0.002179
0.002160
0.001493
0.001962
0.001457
0.002021
0.001034
0.001515
0.000938
0.000997
0.001595
0.001798
0.001545
0.001642
0.001451
0.000971
0.001764
0.001551
0.002968
0.001631
0.001047
0.002545
0.001785
0.001742
0.002181
0.002094
0.001690
0.002847
0.001243
0.001889
0.001350
0.001292
0.001588
0.002002
0.001783
0.002006
0.001578
0.001749
0.001462
0.002001
0.001050
0.002075
0.001269
0.001575
0.001803
0.002013
0.001473
0.001194
0.001343
0.002399
0.000999
0.001412
0.002106
0.001649
0.001560
0.001826
0.000940
0.001103
0.002108
0.001855
0.001693
0.002097
0.001947
0.001388
0.001399
0.001713
0.001361
0.001372
0.001510
0.001528
0.001561
0.001963
0.002508
0.001395
0.002076
0.001193
0.001795
0.001291
0.002437
0.001582
0.001126
0.001573
0.001337
0.001451
0.001647
0.001732
0.001236
0.001110
0.001527
0.001838
0.001100
0.003121
0.002152
0.001236
0.001297
0.001966
0.001097
0.001715
0.002083
0.001873
0.000997
0.001978
0.001568
0.002011
0.001867
0.001733
0.001946
0.001034
0.001555
0.001506
0.001066
0.001490
0.001259
0.001923
0.002264
0.001369
0.001537
0.001447
0.001009
0.001541
0.001442
0.000932
0.001414
0.002066
0.001757
0.001935
0.001594
0.002072
0.002238
0.001548
0.002067
0.001709
0.001695
0.001452
0.002247
0.001552
0.001525
0.001942
0.001499
0.001484
0.001586
0.001645
0.001681
0.001978
0.001076
0.001030
0.001676
0.002500
0.001008
0.001554
0.002137
0.001747
0.001755
0.001020
0.002159
0.002104
0.001701
0.002172
0.001295
0.001877
0.001530
0.002165
0.002063
0.002070
0.001948
0.001641
0.001924
0.001123
0.001619
0.002689
0.001601
0.001861
0.001117
0.001317
0.001925
0.001426
0.001605
0.001845
0.001147
0.002692
0.001043
0.001352
0.002431
0.001808
0.001224
0.001486
0.002339
0.002061
0.001512
0.002163
0.000991
0.002182
0.002052
0.001002
0.000981
0.001760
0.001336
0.001269
0.001558
0.001663
0.002083
0.001398
0.001376
0.001379
0.001597
0.002053
0.001737
0.001789
0.001328
0.002151
0.001632
0.002206
0.001588
0.001570
0.001317
0.001521
0.001686
0.000994
0.001711
0.002245
0.001646
0.002012
0.002433
0.001665
0.002042
0.001429
0.002015
0.002071
0.003381
0.000989
0.001256
0.001683
0.001295
0.001869
0.001483
0.002342
0.001822
0.001623
0.001955
0.001505
0.001194
0.001590
0.001913
0.001644
0.001438
0.001043
0.001197
0.001675
0.002128
0.001271
0.002426
0.001829
0.002017
0.001462
0.001644
0.001805
0.001847
0.001933
0.001109
0.001314
0.001968
0.001426
0.001652
0.003163
0.001790
0.001609
0.001438
0.001035
0.001473
0.001652
0.002213
0.001499
0.001019
0.001516
0.001002
0.001463
0.001398
0.002118
0.001133
0.001435
0.001502
0.001676
0.001837
0.000975
0.001865
0.002011
0.001217
0.001951
0.001434
0.001347
0.001602
0.001079
0.001639
0.001756
0.001327
0.001459
0.001748
0.002165
0.002481
0.001710
0.003783
0.001692
0.001706
0.002487
0.001650
0.001153
0.003183
0.001961
0.001232
0.000950
0.001819
0.001788
0.002269
0.001508
0.001800
0.001853
0.001441
0.001474
0.001747
0.003344
0.001623
0.001062
0.001882
0.001464
0.001477
0.002248
0.000956
0.001884
0.002609
0.001630
0.002209
0.001447
0.002337
0.001337
0.001972
0.001008
0.001082
0.002186
0.002515
0.001574
0.002165
0.002155
0.002510
0.002091
0.001055
0.001553
0.002162
0.001972
0.001855
0.001641
0.002152
0.001774
0.001421
0.001313
0.002273
0.001698
0.001539
0.001666
0.001713
0.002118
0.001816
0.001563
0.001864
0.001437
0.001513
0.002254
0.002068
0.001607
0.002077
0.002220
0.000926
0.002049
0.001390
0.001261
0.001763
0.001632
0.001637
0.001545
0.001444
0.000938
0.001596
0.002336
0.001385
0.001922
0.001468
0.002194
0.001863
0.001605
0.002710
0.001627
0.001246
0.001538
0.001752
0.002531
0.002187
0.001212
0.001245
0.001692
0.002458
0.002578
0.001378
0.001881
0.001914
0.001591
0.002291
0.001990
0.001999
0.001454
0.001646
0.001653
0.002183
0.001772
0.001440
0.001782
0.001992
0.000998
0.001391
0.002152
0.001357
0.001482
0.002253
0.001439
0.001770
0.001687
0.001665
0.002250
0.002444
0.002249
0.002088
0.001414
0.001080
0.001430
0.001145
0.001311
0.001538
0.001670
0.001379
0.001314
0.001128
0.001692
0.002147
0.001387
0.001702
0.001900
0.001669
0.002171
0.001461
0.002517
0.001024
0.001922
0.001975
0.001527
0.001061
0.002710
0.002164
0.001003
0.001747
0.001821
0.003031
0.001270
0.001843
0.001709
0.001036
0.002540
0.002709
0.000940
0.001855
0.002549
0.001426
0.001739
0.001436
0.001512
0.002496
0.001688
0.002126
0.001624
0.002060
0.002073
0.001309
0.001696
0.002301
0.001268
0.002722
0.002142
0.002130
0.001789
0.002037
0.001976
0.001610
0.001952
0.002050
0.001007
0.001560
0.001841
0.001940
0.001370
0.001583
0.001647
0.001667
0.001346
0.000981
0.001416
0.002009
0.002478
0.001374
0.002084
0.001702
0.002254
0.001338
0.002293
0.001690
0.001978
0.002777
0.001612
0.002024
0.002162
0.000970
0.001346
0.001569
0.001322
0.001520
0.000995
0.001590
0.002004
0.001525
0.001733
0.001992
0.001545
0.001523
0.001640
0.001292
0.001317
0.001534
0.001796
0.003170
0.001572
0.001622
0.001496
0.001009
0.001045
0.001460
0.001808
0.001699
0.001605
0.002000
0.001366
0.000979
0.001390
0.001856
0.001132
0.002063
0.001760
0.001809
0.001333
0.002118
0.001148
0.001601
0.002623
0.001158
0.001645
0.002595
0.000999
0.001409
0.001406
0.001883
0.001592
0.001641
0.001393
0.001496
0.001972
0.001431
0.001471
0.001596
0.002612
0.002210
0.001587
0.002564
0.002478
0.001651
0.001531
0.002385
0.002430
0.002025
0.002132
0.001037
0.002129
0.001426
0.001180
0.001968
0.001623
0.002021
0.001640
0.001090
0.002228
0.002326
0.001542
0.001418
0.001215
0.002196
0.001906
0.001504
0.002189
0.001412
0.002138
0.001658
0.002111
0.002161
0.002021
0.001903
0.001893
0.001580
0.001613
0.002092
0.002217
0.001361
0.001519
0.002238
0.001021
0.001470
0.001477
0.001098
0.001374
0.001951
0.001531
0.001012
0.002230
0.001071
0.002628
0.002765
0.001623
0.001500
0.001963
0.001060
0.001704
0.002204
0.002271
0.001628
0.001655
0.002008
0.001813
0.001960
0.001362
0.002408
0.000992
0.001423
0.001854
0.001966
0.001657
0.001549
0.001632
0.001579
0.001827
0.001216
0.001393
0.001665
0.000945
0.001645
0.001485
0.002091
0.001172
0.001326
0.000997
0.001187
0.001309
0.001173
0.001685
0.001941
0.002191
0.002249
0.001603
0.001927
0.001572
0.001734
0.000938
0.001442
0.002810
0.001481
0.001423
0.001891
0.001300
0.001744
0.001424
0.002351
0.001907
0.001685
0.003386
0.001898
0.001595
0.002081
0.001505
0.001175
0.002078
0.001648
0.001275
0.002267
0.001652
0.002146
0.001982
0.001109
0.001831
0.002880
0.001638
0.001410
0.001469
0.001602
0.001557
0.001753
0.002790
0.002042
0.001335
0.001739
0.001857
0.001509
0.002177
0.001742
0.001174
0.001436
0.001481
0.001753
0.001499
0.001761
0.002300
0.001538
0.001227
0.001419
0.001642
0.001094
0.002725
0.001699
0.001571
0.001753
0.003066
0.001149
0.002304
0.001649
0.001491
0.001283
0.001578
0.001440
0.002864
0.001255
0.000998
0.001487
0.001795
0.001100
0.001037
0.001737
0.001511
0.001745
0.001104
0.001823
0.002546
0.001493
0.001807
0.001055
0.002297
0.001323
0.002440
0.001381
0.001628
0.001137
0.001899
0.003274
0.001594
0.002107
0.001822
0.002047
0.001409
0.002954
0.002374
0.001613
0.001510
0.002576
0.001641
0.002103
0.001269
0.001870
0.001557
0.002604
0.001614
0.001325
0.002236
0.001807
0.001130
0.001746
0.001729
0.001615
0.001488
0.002891
0.001578
0.001069
0.001785
0.001519
0.001111
0.002140
0.001289
0.002282
0.001537
0.001443
0.002495
0.002686
0.001710
