0.001892
0.001011
0.001850
0.000861
0.000876
0.000850
0.001422
0.001789
0.000970
0.001221
0.000932
0.000858
0.001810
0.000855
0.001653
0.001697
0.001672
0.000962
0.002156
0.000869
0.000981
0.000951
0.000806
0.000845
0.001358
0.000863
0.000968
0.001780
0.000932
0.001675
0.000987
0.001764
0.000877
0.000937
0.001020
0.000910
0.001366
0.002034
0.001952
0.000987
0.000965
0.000906
0.000950
0.001416
0.001130
0.000966
0.001876
0.000943
0.000880
0.001474
0.000795
0.001600
0.000803
0.001937
0.001045
0.000914
0.000894
0.000998
0.001011
0.000873
0.001683
0.001003
0.001952
0.000876
0.000980
0.002065
0.001860
0.000939
0.001782
0.000738
0.001169
0.000819
0.001160
0.000857
0.000809
0.000962
0.000892
0.001867
0.000938
0.001688
0.001833
0.000882
0.001001
0.000957
0.000833
0.001794
0.001402
0.000812
0.000978
0.000821
0.000977
0.000799
0.000818
0.001658
0.001058
0.001594
0.001486
0.001005
0.000879
0.001794
0.000933
0.000965
0.000975
0.000856
0.000884
0.000948
0.000963
0.000811
0.000945
0.001748
0.000841
0.000945
0.001320
0.001960
0.000933
0.001132
0.002166
0.001040
0.000772
0.000838
0.000903
0.000922
0.000987
0.002215
0.000785
0.001101
0.000999
0.002264
0.001705
0.000853
0.000907
0.000914
0.002251
0.001144
0.000842
0.001892
0.000809
0.000920
0.000771
0.000866
0.000882
0.001581
0.000871
0.001001
0.000791
0.000850
0.000866
0.002174
0.001071
0.000967
0.001348
0.000930
0.000723
0.000867
0.000881
0.000805
0.000916
0.000957
0.002374
0.002101
0.001678
0.000988
0.000873
0.002168
0.000965
0.000809
0.001274
0.000878
0.002258
0.002379
0.002122
0.001195
0.001143
0.000826
0.000816
0.001394
0.001016
0.001115
0.001751
0.000974
0.000757
0.000996
0.001755
0.001930
0.001302
0.001357
0.002110
0.001071
0.000990
0.000792
0.002201
0.002056
0.001673
0.000816
0.000911
0.002207
0.000872
0.002567
0.001100
0.002008
0.002382
0.000853
0.001040
0.000881
0.001573
0.000945
0.000908
0.000844
0.001633
0.000853
0.000929
0.002115
0.001464
0.001034
0.000868
0.001978
0.001052
0.001374
0.001737
0.000983
0.000816
0.002291
0.000898
0.002236
0.001562
0.000954
0.001174
0.001320
0.000973
0.000862
0.001208
0.000874
0.000997
0.001718
0.002224
0.000862
0.003213
0.000883
0.002194
0.001382
0.000841
0.001122
0.000934
0.000892
0.001548
0.000843
0.003070
0.001044
0.000953
0.001080
0.001206
0.001491
0.001110
0.000872
0.000886
0.001027
0.000916
0.000898
0.002019
0.000834
0.000926
0.000786
0.000974
0.001864
0.000967
0.001071
0.000878
0.000859
0.002316
0.000842
0.000861
0.001152
0.000872
0.000933
0.002155
0.000856
0.001920
0.001678
0.000840
0.001028
0.002282
0.000874
0.000848
0.000963
0.000901
0.001324
0.000834
0.002836
0.000863
0.000960
0.000837
0.000890
0.000925
0.001001
0.002016
0.001317
0.001248
0.000847
0.000849
0.001541
0.001891
0.000828
0.001267
0.000981
0.000887
0.001499
0.000921
0.001026
0.000780
0.000949
0.001011
0.001015
0.000940
0.000881
0.000989
0.001803
0.000901
0.001015
0.001082
0.000981
0.000892
0.001658
0.001558
0.001075
0.001706
0.000844
0.001008
0.000839
0.000856
0.000977
0.001437
0.001103
0.000859
0.000943
0.001335
0.000712
0.001593
0.001281
0.000862
0.000890
0.000853
0.002027
0.001039
0.000822
0.001778
0.001199
0.001751
0.000929
0.000894
0.001034
0.001650
0.001613
0.000910
0.001815
0.000897
0.001180
0.001340
0.000865
0.002007
0.001372
0.000868
0.001623
0.000858
0.002056
0.000792
0.001361
0.000885
0.000928
0.000856
0.001549
0.000918
0.001728
0.000927
0.000850
0.000942
0.000900
0.001210
0.000960
0.000911
0.000931
0.000934
0.000993
0.000936
0.000849
0.001879
0.000851
0.000973
0.001236
0.000803
0.000863
0.001438
0.000822
0.001991
0.001035
0.001540
0.000920
0.001726
0.000867
0.000789
0.000790
0.001806
0.002138
0.001077
0.000945
0.000935
0.000873
0.001896
0.002194
0.000802
0.001247
0.000855
0.000888
0.001396
0.000868
0.000855
0.000954
0.000909
0.002173
0.000938
0.002140
0.000910
0.001446
0.001775
0.000792
0.001378
0.001026
0.000782
0.001779
0.000971
0.000939
0.001039
0.001606
0.000876
0.000843
0.003418
0.000935
0.000801
0.001678
0.001023
0.000792
0.000888
0.001203
0.000983
0.000803
0.000994
0.001380
0.001180
0.000892
0.001500
0.000916
0.001964
0.000891
0.000892
0.001121
0.001522
0.000878
0.000840
0.001498
0.002170
0.001047
0.002298
0.001898
0.000845
0.002246
0.001120
0.000905
0.001060
0.001614
0.000841
0.000836
0.001764
0.001614
0.001932
0.000885
0.003065
0.000864
0.000952
0.000860
0.000792
0.001844
0.002381
0.000797
0.001579
0.000981
0.000842
0.001906
0.001387
0.002160
0.001409
0.001208
0.000921
0.000906
0.000875
0.000798
0.000892
0.001028
0.000924
0.000960
0.001148
0.000872
0.000999
0.000958
0.001242
0.000921
0.000994
0.001038
0.000948
0.001677
0.000942
0.001755
0.000889
0.001002
0.001157
0.000893
0.000928
0.002530
0.002266
0.001800
0.001282
0.000941
0.000852
0.000818
0.000926
0.001770
0.000981
0.001892
0.000865
0.000899
0.000934
0.000921
0.000974
0.001824
0.000793
0.001043
0.000929
0.000978
0.000836
0.000988
0.001806
0.000831
0.000847
0.001174
0.000858
0.000897
0.002143
0.000951
0.000931
0.001227
0.001038
0.000950
0.000931
0.000930
0.000802
0.001306
0.001126
0.001062
0.000771
0.000792
0.001058
0.001218
0.000818
0.000979
0.002176
0.001789
0.000965
0.002219
0.000999
0.001924
0.000803
0.001014
0.000827
0.001994
0.000907
0.001009
0.001207
0.000965
0.000841
0.000931
0.000824
0.000818
0.000842
0.002551
0.000904
0.001791
0.001767
0.000826
0.000912
0.001937
0.000837
0.000944
0.000919
0.000974
0.000835
0.000976
0.001379
0.000862
0.000938
0.000947
0.001831
0.000882
0.000894
0.001281
0.000859
0.000859
0.001389
0.001975
0.000906
0.000995
0.001437
0.000832
0.001915
0.001142
0.001178
0.000958
0.001521
0.001850
0.001007
0.001798
0.000915
0.000925
0.001150
0.001037
0.001256
0.000896
0.001102
0.001909
0.000893
0.000970
0.000959
0.002764
0.001048
0.002216
0.000830
0.001739
0.001076
0.002284
0.000882
0.000894
0.001423
0.001716
0.000953
0.001237
0.000915
0.001005
0.000819
0.001208
0.000931
0.000734
0.000881
0.001784
0.000849
0.001823
0.001724
0.000889
0.001717
0.000970
0.000868
0.001114
0.000868
0.001670
0.000988
0.002103
0.000804
0.000885
0.002017
0.001114
0.001382
0.002026
0.000893
0.000865
0.001776
0.000976
0.001476
0.001122
0.001806
0.000973
0.001777
0.000873
0.001103
0.001034
0.000788
0.001766
0.000821
0.000902
0.001716
0.000855
0.001774
0.000851
0.002560
0.001674
0.002112
0.000779
0.001758
0.000736
0.000900
0.001669
0.001816
0.002261
0.001764
0.001779
0.001395
0.001357
0.001082
0.000879
0.000779
0.002573
0.000929
0.001885
0.001135
0.001224
0.000885
0.000848
0.001298
0.001742
0.000875
0.003138
0.000890
0.000941
0.002033
0.000924
0.001053
0.000950
0.001521
0.002041
0.000937
0.000989
0.000924
0.000824
0.001773
0.000852
0.002604
0.000774
0.001146
0.000943
0.001350
0.001836
0.001250
0.001035
0.000987
0.000873
0.001314
0.000911
0.000977
0.001015
0.001238
0.001762
0.000924
0.000972
0.000850
0.001866
0.000990
0.001934
0.001160
0.001783
0.000808
0.001656
0.000798
0.000848
0.001697
0.000905
0.001639
0.000925
0.001181
0.000918
0.000920
0.000832
0.002010
0.000857
0.002637
0.001259
0.001418
0.001224
0.000943
0.000874
0.000896
0.001927
0.000846
0.000877
0.000856
0.001001
0.000782
0.000782
0.001459
0.000804
0.001369
0.000911
0.000809
0.001399
0.001027
0.000818
0.000986
0.001248
0.000982
0.000913
0.002702
0.001000
0.002894
0.001169
0.001845
0.000930
0.000807
0.001829
0.001472
0.001747
0.000840
0.001068
0.002035
0.001786
0.000942
0.001885
0.000958
0.001455
0.001036
0.001769
0.001022
0.001683
0.000921
0.000831
0.000927
0.001205
0.000960
0.001888
0.002175
0.001088
0.001728
0.000866
0.001713
0.000808
0.000868
0.001929
0.000974
0.001818
0.000948
0.000764
0.000899
0.001912
0.001022
0.000928
0.002089
0.001004
0.001908
0.001326
0.000743
0.000859
0.001753
0.000857
0.001795
0.001199
0.001174
0.000829
0.001203
0.001042
0.001767
0.001010
0.001015
0.001781
0.001828
0.001880
0.001289
0.000997
0.001397
0.001715
0.000959
0.001847
0.001330
0.000892
0.001764
0.000820
0.000837
0.001909
0.000966
0.000884
0.001236
0.001336
0.000850
0.001307
0.001616
0.001620
0.001295
0.000843
0.000890
0.001332
0.000854
0.000991
0.001004
0.002586
0.000825
0.000951
0.000967
0.000918
0.002046
0.001344
0.000891
0.000810
0.001507
0.000965
0.002130
0.001540
0.001960
0.000789
0.002299
0.001858
0.000994
0.001570
0.002282
0.000806
0.000966
0.002239
0.002159
0.001027
0.001693
0.000887
0.001061
0.000819
0.002072
0.000864
0.000866
0.000895
0.002245
0.000953
0.000922
0.000838
0.000858
0.001077
0.002460
0.002319
0.001474
0.002216
0.002264
0.001480
0.001048
0.001014
0.001990
0.001215
0.001147
0.002185
0.000855
0.001253
0.001123
0.000815
0.002278
0.000864
0.000936
0.001025
0.001026
0.000893
0.001809
0.001047
0.000948
0.002425
0.002068
0.001024
0.000940
0.001098
0.000968
0.000990
0.002347
0.000930
0.000898
0.001472
0.002224
0.002052
0.000858
0.002545
0.000936
0.001585
0.002689
0.001894
0.001114
0.002367
0.002083
0.001087
0.002973
0.000911
0.001940
0.001168
0.000825
0.000802
0.001003
0.001974
0.000816
0.001093
0.001204
0.001045
0.000984
0.003043
0.000890
0.000842
0.001998
0.000831
0.000900
0.000879
0.002547
0.001013
0.001947
0.001816
0.002237
0.001850
0.001116
0.001642
