0.001216
0.001446
0.003319
0.001290
0.001648
0.001682
0.002150
0.001015
0.003154
0.001504
0.000977
0.002094
0.000945
0.001581
0.001771
0.000937
0.001043
0.001178
0.001305
0.001787
0.001733
0.001052
0.002483
0.002783
0.001829
0.001939
0.000928
0.000969
0.002463
0.001496
0.001667
0.001935
0.001587
0.001182
0.001705
0.001463
0.000892
0.001488
0.002901
0.000916
0.001914
0.001678
0.001251
0.001477
0.001440
0.001033
0.001356
0.001388
0.000971
0.001378
0.001291
0.001415
0.001260
0.001547
0.001224
0.001331
0.001623
0.000817
0.002166
0.001418
0.001210
0.001270
0.001910
0.001870
0.001224
0.001474
0.001511
0.001763
0.001587
0.001442
0.001027
0.001369
0.002158
0.001573
0.000959
0.001366
0.001518
0.001630
0.000894
0.001548
0.001093
0.001083
0.001297
0.001212
0.000992
0.002383
0.001609
0.001487
0.001950
0.001329
0.001451
0.001756
0.001382
0.001679
0.001373
0.001240
0.001763
0.000921
0.001900
0.001121
0.001241
0.001238
0.001459
0.001498
0.000968
0.001656
0.001269
0.001317
0.001284
0.001539
0.001399
0.001321
0.001844
0.001338
0.001287
0.001381
0.001557
0.000750
0.001505
0.000896
0.001302
0.001415
0.000949
0.001357
0.001337
0.001307
0.001608
0.001560
0.000960
0.001159
0.001668
0.001101
0.001234
0.000999
0.001384
0.001466
0.001579
0.001519
0.000938
0.001147
0.001210
0.001033
0.001353
0.001546
0.001520
0.001046
0.002261
0.001136
0.001448
0.001417
0.001025
0.001504
0.001475
0.001993
0.000876
0.000844
0.001553
0.001725
0.001375
0.001168
0.001803
0.000930
0.000964
0.002104
0.001619
0.001332
0.001498
0.001305
0.001288
0.002731
0.001089
0.001011
0.001517
0.001714
0.001758
0.001029
0.001433
0.001080
0.001389
0.001616
0.001123
0.001229
0.001001
0.001948
0.001523
0.001190
0.001257
0.001194
0.001505
0.001011
0.001927
0.001473
0.001232
0.001317
0.001291
0.001289
0.001826
0.001890
0.001455
0.001350
0.001424
0.000899
0.001076
0.002261
0.001527
0.001354
0.001454
0.000855
0.001540
0.000886
0.000841
0.001635
0.000968
0.000854
0.001486
0.001127
0.001834
0.000866
0.001176
0.002122
0.001137
0.001097
0.001536
0.001293
0.001558
0.000971
0.001573
0.001317
0.001593
0.002583
0.001555
0.001000
0.001494
0.001603
0.001694
0.002368
0.001175
0.000932
0.002169
0.001508
0.002535
0.001317
0.001798
0.001357
0.001708
0.001750
0.002132
0.001330
0.001609
0.002208
0.001434
0.001523
0.001929
0.001882
0.000913
0.000965
0.001357
0.001559
0.001533
0.002120
0.001622
0.001772
0.001360
0.000928
0.001682
0.001347
0.001419
0.001622
0.001558
0.002684
0.001247
0.001001
0.002052
0.002110
0.001378
0.001927
0.001290
0.001010
0.001878
0.001676
0.000929
0.000938
0.001492
0.002099
0.001245
0.002068
0.002071
0.000911
0.001451
0.001394
0.001785
0.000954
0.001980
0.000946
0.000978
0.001393
0.001504
0.001723
0.001620
0.002093
0.001309
0.001628
0.001815
0.001343
0.001986
0.001020
0.001031
0.001536
0.001110
0.001070
0.002026
0.001116
0.001145
0.001599
0.001041
0.001293
0.002267
0.000911
0.001346
0.001594
0.000880
0.000931
0.001516
0.002059
0.000990
0.001298
0.002225
0.000995
0.001722
0.002976
0.001537
0.000988
0.001824
0.001619
0.002359
0.001117
0.001515
0.001235
0.001838
0.001345
0.001316
0.001094
0.000911
0.001259
0.001415
0.001753
0.001604
0.001765
0.001521
0.001462
0.001147
0.001440
0.001337
0.000890
0.000815
0.001252
0.001305
0.001300
0.001083
0.001410
0.001749
0.002047
0.001348
0.001021
0.002287
0.001861
0.001003
0.001555
0.000915
0.000894
0.001573
0.000932
0.001307
0.001081
0.002167
0.000942
0.001260
0.002027
0.001613
0.001383
0.001581
0.001151
0.001244
0.001505
0.002270
0.001306
0.001366
0.001030
0.000910
0.001253
0.001481
0.000938
0.000933
0.001158
0.001535
0.001389
0.001477
0.001022
0.001431
0.001726
0.002173
0.001590
0.001423
0.001287
0.001308
0.001436
0.001562
0.002586
0.001163
0.002047
0.001437
0.001300
0.002103
0.001440
0.001114
0.001094
0.001588
0.002167
0.000893
0.001820
0.002367
0.001302
0.000900
0.001618
0.000992
0.000930
0.001967
0.001929
0.001295
0.002014
0.001092
0.001524
0.002011
0.001077
0.001278
0.001507
0.001320
0.001407
0.001208
0.001305
0.000928
0.001221
0.001518
0.000890
0.001946
0.000957
0.001433
0.002016
0.000913
0.001325
0.001904
0.001680
0.001023
0.001927
0.001485
0.000938
0.001057
0.002116
0.001019
0.001438
0.000897
0.001195
0.001343
0.001482
0.000965
0.001041
0.001588
0.001330
0.001083
0.001398
0.001387
0.000921
0.001133
0.001384
0.001035
0.001404
0.001618
0.002014
0.000936
0.001424
0.000963
0.000888
0.000852
0.001845
0.001280
0.001268
0.001509
0.000909
0.001531
0.001597
0.002170
0.001288
0.001228
0.001494
0.001004
0.001385
0.001541
0.001407
0.000980
0.001068
0.001427
0.001980
0.001371
0.001325
0.002271
0.001022
0.001231
0.001541
0.002181
0.000902
0.001396
0.001379
0.001148
0.001666
0.001114
0.001948
0.001388
0.001319
0.001627
0.000931
0.001257
0.000989
0.001608
0.001165
0.000861
0.000920
0.002497
0.001610
0.001759
0.000954
0.001364
0.002385
0.001894
0.001268
0.001549
0.000948
0.001329
0.001460
0.000957
0.000917
0.001746
0.000974
0.000909
0.002112
0.001326
0.001517
0.001693
0.001349
0.001314
0.001675
0.001028
0.002153
0.001954
0.001270
0.001856
0.001969
0.001657
0.001035
0.001379
0.001634
0.001468
0.000962
0.001461
0.001535
0.001674
0.001335
0.001438
0.001009
0.001294
0.001306
0.001849
0.001271
0.001193
0.001309
0.001413
0.001676
0.001427
0.002068
0.001982
0.001004
0.001394
0.001397
0.001588
0.000923
0.002636
0.001426
0.000908
0.001366
0.001192
0.001596
0.001863
0.002445
0.001939
0.000924
0.002659
0.002657
0.001997
0.001395
0.001577
0.001045
0.001547
0.001354
0.001004
0.001448
0.001328
0.000994
0.000920
0.002124
0.001267
0.001274
0.001522
0.001608
0.001174
0.001860
0.001504
0.000979
0.001326
0.001457
0.001460
0.000961
0.001717
0.000967
0.001505
0.000909
0.001806
0.001559
0.001171
0.001269
0.001425
0.001279
0.001341
0.001519
0.001544
0.001634
0.001260
0.001494
0.001634
0.001708
0.001574
0.001404
0.001073
0.001414
0.000917
0.000943
0.001935
0.001220
0.001446
0.001425
0.001560
0.002117
0.001371
0.001021
0.001529
0.001341
0.002003
0.000956
0.001485
0.001323
0.001360
0.001954
0.001072
0.000886
0.001918
0.002146
0.001080
0.001494
0.001852
0.000922
0.001515
0.001516
0.001330
0.001084
0.001136
0.001336
0.001095
0.000903
0.001972
0.001162
0.001345
0.000943
0.001079
0.001281
0.001566
0.001371
0.001501
0.002150
0.001431
0.001419
0.001398
0.001788
0.001552
0.001262
0.002264
0.001590
0.001746
0.001002
0.000948
0.000872
0.001428
0.000920
0.001591
0.001604
0.001533
0.001784
0.001416
0.001460
0.001241
0.001357
0.001087
0.001751
0.001545
0.001053
0.001269
0.000926
0.002044
0.001351
0.001426
0.000933
0.001316
0.002217
0.001477
0.001621
0.001647
0.001422
0.001065
0.001005
0.002046
0.001455
0.001258
0.001350
0.000894
0.001194
0.001338
0.001705
0.001358
0.001251
0.001855
0.000869
0.001594
0.001009
0.001530
0.001261
0.002076
0.000969
0.001449
0.001055
0.000958
0.002037
0.001477
0.001400
0.001711
0.001114
0.001520
0.002377
0.002261
0.001262
0.001373
0.001276
0.001153
0.001046
0.001951
0.001310
0.001291
0.001120
0.001552
0.001196
0.001185
0.001460
0.000863
0.001070
0.001319
0.001405
0.001352
0.001032
0.002062
0.000942
0.001491
0.002093
0.001179
0.001488
0.001489
0.001055
0.001177
0.001391
0.001360
0.001730
0.001543
0.002063
0.001418
0.001640
0.001607
0.001591
0.001384
0.001500
0.000966
0.001320
0.002371
0.001608
0.001457
0.001560
0.001045
0.001571
0.001894
0.001366
0.001302
0.000894
0.001445
0.001089
0.001220
0.001536
0.001291
0.000951
0.001192
0.002160
0.001543
0.000955
0.001042
0.001199
0.000949
0.001550
0.000924
0.001284
0.000963
0.001593
0.000915
0.001518
0.001779
0.001742
0.001502
0.001545
0.001661
0.001172
0.001586
0.001325
0.001167
0.002535
0.001458
0.000952
0.001415
0.001414
0.001886
0.001312
0.002098
0.001606
0.001591
0.001274
0.001970
0.000943
0.001398
0.001612
0.001768
0.001272
0.001769
0.001412
0.001796
0.001226
0.002092
0.001360
0.001408
0.001881
0.000868
0.001508
0.001655
0.001226
0.000995
0.001816
0.001293
0.001427
0.000998
0.000938
0.001380
0.001912
0.001487
0.001159
0.001489
0.001026
0.001104
0.001502
0.000923
0.001539
0.001880
0.001759
0.001224
0.001486
0.001533
0.001235
0.001820
0.001491
0.000988
0.001110
0.001267
0.001683
0.000913
0.001922
0.000915
0.001469
0.001177
0.002116
0.001423
0.002542
0.001581
0.001292
0.001031
0.001539
0.001161
0.001451
0.000812
0.001350
0.001003
0.001455
0.001700
0.000958
0.001480
0.001771
0.001530
0.001883
0.000876
0.001518
0.001349
0.000986
0.001052
0.001918
0.001359
0.001056
0.002170
0.001983
0.001191
0.001248
0.002092
0.000936
0.001451
0.001173
0.001272
0.001592
0.002175
0.001461
0.001048
0.001811
0.001320
0.001439
0.001258
0.001827
0.001366
0.001985
0.002159
0.001444
0.001421
0.002077
0.001085
0.001896
0.002113
0.001143
0.001475
0.001503
0.001591
0.001375
0.002134
0.001347
0.001314
0.002371
0.001608
0.001237
0.001319
0.001300
0.001243
0.001460
0.001391
0.000967
0.000882
0.002371
0.001009
0.000969
0.002528
0.001303
0.001380
0.001316
0.001562
0.001513
0.001293
0.001774
0.000939
0.001483
0.001444
0.001027
0.001325
0.001227
0.000996
0.001047
0.001392
0.001555
0.001496
0.001191
0.001605
0.001406
0.001545
0.001394
0.000975
0.001386
0.002254
0.000906
